# T dr
0 0.000000
1 0.000000
2 0.000000
3 0.000000
4 0.000001
5 0.000001
6 0.000002
7 0.000002
8 0.000003
9 0.000004
10 0.000004
11 0.000005
12 0.000006
13 0.000007
14 0.000008
15 0.000010
16 0.000011
17 0.000012
18 0.000014
19 0.000016
20 0.000017
21 0.000019
22 0.000021
23 0.000023
24 0.000025
25 0.000027
26 0.000029
27 0.000031
28 0.000033
29 0.000036
30 0.000038
31 0.000041
32 0.000043
33 0.000046
34 0.000049
35 0.000052
36 0.000055
37 0.000058
38 0.000061
39 0.000064
40 0.000067
41 0.000070
42 0.000074
43 0.000077
44 0.000081
45 0.000084
46 0.000088
47 0.000091
48 0.000095
49 0.000099
50 0.000103
51 0.000107
52 0.000111
53 0.000115
54 0.000119
55 0.000123
56 0.000128
57 0.000132
58 0.000136
59 0.000141
60 0.000146
61 0.000150
62 0.000155
63 0.000160
64 0.000164
65 0.000169
66 0.000174
67 0.000179
68 0.000184
69 0.000189
70 0.000194
71 0.000199
72 0.000205
73 0.000210
74 0.000215
75 0.000220
76 0.000226
77 0.000231
78 0.000237
79 0.000242
80 0.000248
81 0.000254
82 0.000259
83 0.000265
84 0.000271
85 0.000277
86 0.000282
87 0.000288
88 0.000294
89 0.000300
90 0.000306
91 0.000312
92 0.000318
93 0.000324
94 0.000331
95 0.000337
96 0.000343
97 0.000349
98 0.000355
99 0.000362
