# T vac
0 0.000000
1 0.015531
2 0.015528
3 0.015521
4 0.015511
5 0.015497
6 0.015480
7 0.015460
8 0.015436
9 0.015408
10 0.015377
11 0.015342
12 0.015304
13 0.015262
14 0.015217
15 0.015168
16 0.015116
17 0.015059
18 0.014999
19 0.014936
20 0.014869
21 0.014798
22 0.014723
23 0.014645
24 0.014564
25 0.014479
26 0.014390
27 0.014298
28 0.014203
29 0.014105
30 0.014004
31 0.013901
32 0.013794
33 0.013686
34 0.013575
35 0.013462
36 0.013347
37 0.013230
38 0.013112
39 0.012993
40 0.012873
41 0.012752
42 0.012630
43 0.012507
44 0.012384
45 0.012260
46 0.012136
47 0.012012
48 0.011887
49 0.011762
50 0.011637
51 0.011512
52 0.011386
53 0.011261
54 0.011135
55 0.011010
56 0.010884
57 0.010758
58 0.010632
59 0.010506
60 0.010380
61 0.010254
62 0.010128
63 0.010002
64 0.009876
65 0.009750
66 0.009624
67 0.009498
68 0.009373
69 0.009247
70 0.009122
71 0.008997
72 0.008873
73 0.008749
74 0.008625
75 0.008501
76 0.008378
77 0.008255
78 0.008132
79 0.008010
80 0.007889
81 0.007768
82 0.007647
83 0.007527
84 0.007407
85 0.007288
86 0.007170
87 0.007051
88 0.006934
89 0.006817
90 0.006700
91 0.006584
92 0.006469
93 0.006354
94 0.006240
95 0.006126
96 0.006013
97 0.005901
98 0.005789
99 0.005678
