# T dr
0.000000 0.000000
9494913634576886400000000000000000000000000000000000000000000000000000000000000000000000000000000000000000000000000000000000000000000000000000000000000000000000000000000000000000.000000 0.000000
-0.000000 0.000000
0.000000 0.000000
31935352598006156000000000000000000000000000000000000000000000000000000000000000000000000000000000000000000000000000000000000000000000000000000000000000000000000000000000000000000000000.000000 0.000000
0.000000 0.000000
-0.000000 0.000000
0.000000 0.000000
-0.000000 0.000000
0.000000 0.000000
0.000000 0.000000
0.000000 0.000000
-0.000000 0.000000
0.000000 0.000000
-0.000000 0.000000
-0.000000 0.000000
195709427030693390000000000000000000000000000000000000000.000000 0.000000
0.000000 0.000000
0.000000 0.000000
436756301181873100000000000000000000000000000000000000000000000000000000000000000000000000000000000000000000000000000000000000000000000000000000000000000000000000000000000000000000000000000000000000000000000000000.000000 0.000000
15703224647548834000000000000000000000000000000000000000000000000000000000000000000000000000000000000000000000000000000000000000000000000000000000000000000000000000.000000 0.000000
-111333389729455230000000000000000000000000000000000000000000000000000000000000000000000000000000000000000000000000000000000000000000000000000000000000000000000000000000000000000000000000000000000000000000000000000.000000 0.000000
-7848685866606375200000000000000000000000000000000000000000000000000000000000000000000000.000000 0.000000
-0.000000 0.000000
-737356068621852590000000000000000000000000000000000000000000000000000000000000000000000000000000000000000000000000000000000000000000000000000000000000000000000000.000000 0.000000
0.000000 0.000000
-6156607488.000025 0.000000
-14953385337516264000000000000000000000000000000000000000000000000000000000000000000000000000000000000000000000000000000000000000000000000000000000000000000.000000 0.000000
-0.000000 0.000000
-7821150462233631300000000000000000000000000000000000000000000000000000000000000000000000000000000000000000000000000000000000000000000000000000000000000000000000000000000000000000000000000000000000.000000 0.000000
-0.000000 0.000000
-1424350152677808100000000000000000000000000000000000000000000000000000000000000000000.000000 0.000000
17101597225907387000000000000000000000000000000000000000000000000000000000000000000000000000000000000000000.000000 0.000000
94629360447882352000000000000000000000000000000000000000000000000000000000000000000000000000000.000000 0.000000
0.000000 0.000000
0.000000 0.000000
0.000000 0.000000
0.000000 0.000000
0.000000 0.000000
0.000000 0.000000
-662173110160828660000000000000000000000000000000000000000000000000000000000000000000000.000000 0.000000
1864336795130071000000000000000000000000000000000000000.000000 0.000000
1963121806772078200000000000000000000000000000000000000000000000000000000000000000000000000000000000000000000000000000000000000000000000000000000000000000000000000000000000000000000000000000000000000000000000000000000000000000000000000000000000000000000000000000.000000 0.000000
155736630902261830000000000000000000000000000000000000000000000000000000000000000000000000000000000000000000000000000.000000 0.000000
-104897796962452870000000000000000000000000000000000000000000000000000000000000000000000000000000000000000000000000000000000000000000000000000000000000000000000000000000000.000000 0.000000
-52761121206962870000000000000000000000000000000000000000000000000000000000000000000000000000000000000000000000000000000000000000000000000000000000000000000000000000000000000000000000000000000000.000000 0.000000
1549046959634342500000000000000000000000000000000000000000000000000000000000000000000000000000000000000000000000000000000000000000000000000000000000000000000000000000000000000000000000000000.000000 0.000000
31138469071851364000000000000000000000000000000000000000000000000000000000000000000000000000000000000.000000 0.000000
-0.000000 0.000000
3139362231573920100000000000000000000000000000000000000000000000000000000000000000000000000000000000000000000000000000000.000000 0.000000
635252026009394700000000000000000.000000 0.000000
4753100849340435000000000000000000000000000000000000000000000000000000000000000000000000000000000000000000000000000000000000000000000000000000000000000000000000000000000000000000000000000000000000000000000000000000000000000000000000000.000000 0.000000
-5376867879815868800000000000000000000000000000000000000000000.000000 0.000000
86187377164288.828000 0.000000
-132928647421547120000000000000.000000 0.000000
0.000000 0.000000
-0.000000 0.000000
0.000000 0.000000
-0.000000 0.000000
281704643301124440000000000000000000000000000000000000000000000000000000000000000000000000000000000000000000000000000000.000000 0.000000
26868932846106789000000000000000000000000000000000000000000000000000000000000000000000000000000000000000000000000000000000000000000000000000000000000000000000.000000 0.000000
-0.000000 0.000000
-522218392467404500000000000000000000000000000000000000000000000000000000000000000000000000000000000000.000000 0.000000
0.000000 0.000000
0.000000 0.000000
-0.000000 0.000000
25553.109375 0.000000
-149050389758786130000000000000000000000000000000000000000000000000000000000000000000000000000000000000000000000.000000 0.000000
16498386219169163000000000000000000000000000000000000000000000000000000000000000000000000000000000000000000000000000000000000000000000000000000000000000000000.000000 0.000000
-86724942850858812000000000000000000000000000000000000000000000000000000000000000000000000000000000000000000000000000000000000.000000 0.000000
0.000000 0.000000
-0.000000 0.000000
-2395.777344 0.000000
-3518166871763301900000000000000000000000000000000000000000000000000000000000000000000000000000000.000000 0.000000
-0.000000 0.000000
4244690926332591700000000000000000000000000000000000000000000000000000000000000000000000000000000000000000000000000000000000000000000000000000000000000000000000000000000000000000000000000000000000000000000000000000000000000000000000000000000000000000000000000000000000000000000000.000000 0.000000
-0.000000 0.000000
9427111662992674300000000000000.000000 0.000000
-0.000000 0.000000
-195410013903874180000000000000.000000 0.000000
80355447540819979000000000000000000000000000000000000000000000000000000000000000000000000000000000000000000000.000000 0.000000
4229029111835531600000000000000000000000000000000000.000000 0.000000
-521271672427578310000000000000000000000000000000000000000000000000000000000000000000000000000000000000000000000000000000000000000000000000000000000000000000000000000000000000000000000000000000000000.000000 0.000000
0.000000 0.000000
7469108646408734000000000000000000000000.000000 0.000000
-27920754327360573000000000000000000000000000000000000000000000000000000000000000000000000000000000000000000000000000000000000000000000000000000000000000000000000000000000000000000000000000000000000000000000000.000000 0.000000
-6806598406233694000000000000000000000000000000000000000000000000000000000000000000000000000000000000000000000000000000000000000000000000000000000000000000000000000000000000000000000000000000000.000000 0.000000
0.000000 0.000000
-0.000000 0.000000
-0.000000 0.000000
-142331755002222590000000000000000000000000000000000000000000000000000000000000000000000000000000000000000000000000000000000000000000000000000000000000000000000000000000000000000000000000000000000000000000000000000000000000000000000000000000000000000000000000000000000000000000000000000000000000000000.000000 0.000000
-0.000000 0.000000
-0.000000 0.000000
0.000000 0.000000
0.000000 0.000000
59850915835517224000000000000000000000000000000000000000000000000000000000000000000000000000000000000000000000000000000000000000000000000000000000000000000000000000000000000000000000000000000000000.000000 0.000000
0.000000 0.000000
3650542793338862200000000000000000000000000000000000000000000000000000000000000.000000 0.000000
-71505479329639957000000000000000000000000000000000000000000000000000000000000000000000000000000000000000000000000000000000000000000000000000000000000000000000000000000000000000000000000000000000000000000000000000000000000000000.000000 0.000000
0.000000 0.000000
