# vx vy vz
-0.388468 0.161596 1.297855
-0.765053 1.094223 0.285411
-2.179533 -0.443029 -0.274623
0.846089 -0.132769 -0.183578
-0.295077 1.757218 -0.311503
-0.972842 0.581169 -1.365779
0.723678 0.084071 0.143828
-1.027223 -2.424973 1.222800
0.253051 -0.498997 0.423319
0.281337 1.691001 1.200863
1.316055 -2.154481 -1.023303
0.391238 0.611779 -1.941784
-0.626544 -0.192880 0.751927
1.597227 0.923910 -0.468923
0.970306 1.220232 1.560317
-1.019989 1.222791 0.320830
-0.096078 -0.098494 -1.153073
-0.535774 0.211470 -0.734533
0.458775 -1.502232 -0.835641
-1.831054 0.275936 1.319386
-1.160528 1.271661 0.475064
2.230144 -1.639791 0.256052
1.119923 -0.000132 0.213206
1.005287 -0.940857 -2.051346
-1.104661 0.513915 0.125022
1.760301 -0.755658 0.393776
-0.546586 -0.221637 0.380369
0.673592 -0.756656 0.095904
1.009445 -0.246295 -1.256632
-0.974957 0.045273 -0.207037
-0.600457 -1.308627 -0.018039
-1.161908 -0.336443 -0.661463
-0.392851 1.969993 0.982089
-1.167881 0.351596 0.113141
-1.773739 1.293631 -0.461618
1.007978 -0.682599 1.702204
-1.748236 0.202576 0.021435
0.784427 0.644726 0.807304
0.473003 -2.071085 0.860623
0.136584 -0.755369 -0.963426
0.817870 0.984253 0.387804
1.034028 0.574044 -1.531264
0.500741 0.182453 -0.042651
0.443270 -1.560642 -0.228044
-0.422603 1.057832 -0.100346
1.453358 0.066846 -0.777365
0.276091 0.085779 0.314427
-1.151244 0.138543 -0.599136
-1.674698 -0.621401 0.747898
-0.593223 0.961329 -0.388977
-0.148853 0.446014 -2.409662
-0.862979 0.150186 -0.394064
-0.802572 -1.562112 -2.163819
-0.725581 1.338995 -0.280005
-1.347067 -0.749802 0.118689
0.125917 -1.375631 1.584634
-0.015065 -0.897669 -1.067568
-0.200871 0.042019 1.257159
1.503006 -0.225976 2.208922
0.178379 2.021859 0.073833
-0.138812 1.197694 1.205975
0.351939 -1.279661 0.354366
0.734243 -0.877658 0.444324
0.218934 0.656801 0.472600
-1.281577 1.372976 1.279615
1.027952 -1.844203 -0.254770
-1.346160 -0.920801 -0.449683
-0.002612 0.174434 0.041699
1.965155 0.036325 -0.430068
-1.109916 -0.478244 -1.164974
0.579495 -1.347975 0.587346
0.510569 -1.523559 -1.928135
-0.633489 -1.033968 -0.538619
-1.225956 1.242075 1.111667
-0.227676 -0.782989 -1.446541
-2.063750 0.061929 -0.053152
0.154326 0.362409 0.195884
-1.942092 -0.266273 -0.072042
1.176594 0.515652 -0.042984
-0.529194 -0.935986 1.534962
0.680278 0.290340 -1.478135
1.831203 -0.819055 -0.991314
-0.738234 -0.574172 0.164005
1.321954 0.491264 -0.796845
0.533256 -1.014654 1.411351
0.820743 1.042498 1.607418
0.832261 -0.796901 -0.786370
0.211629 0.657810 0.433928
0.966257 -0.196162 -2.444369
-1.163089 0.606362 -0.514877
-0.055419 -0.619228 1.600560
-0.781317 0.842170 0.129882
0.496627 1.833580 -0.328667
-0.280648 -1.015226 -0.110616
0.733926 1.181402 -0.145829
0.499819 -1.465753 0.161560
-0.789250 -0.354946 0.552878
-1.250340 1.366000 0.524534
-0.524174 -0.233199 0.119450
0.348735 0.045711 -1.008227
1.378652 -0.725257 1.211369
0.220811 0.774848 0.283420
-0.917364 0.282925 0.551377
2.327527 -0.416705 -0.184248
0.268384 0.659925 -0.469272
-0.850399 0.370769 -0.435788
0.272202 -0.734943 0.403844
1.719898 -0.713535 0.711590
-0.035859 -0.574007 -1.048635
1.872547 0.457445 0.163592
1.367398 -0.215905 -1.517527
-0.956843 0.843645 0.022669
1.465469 -0.615876 0.481912
2.001566 0.889888 0.291672
0.593294 0.590064 -0.068355
-0.167905 1.631139 1.083505
0.819641 1.342753 -2.277387
-1.146502 0.099338 0.166031
0.317273 1.025680 -0.133437
-0.950103 1.736133 -0.690840
0.972754 -0.478906 1.088096
-0.606282 -0.327167 0.096939
-0.247913 -1.295051 1.638679
-0.652369 -0.452072 -1.284981
0.861256 -0.078150 -0.420960
-1.693647 1.411737 -1.628181
1.559667 -1.650191 -0.816098
-0.983587 1.007690 -1.734052
-0.215646 0.572543 -0.889239
-0.189627 -0.522709 0.206838
0.860343 1.856502 -1.146338
-0.372063 -0.043755 0.510504
0.981281 -0.113000 -0.111285
-0.247032 -0.995951 -0.871409
-0.316636 -1.569435 0.468211
-2.824241 -1.429662 1.519341
-0.542749 -0.026300 1.576061
-0.710594 0.215704 0.575705
0.003406 -0.286350 -0.578593
0.114981 -0.368639 -0.223420
-0.890067 0.793772 -0.977375
1.084431 0.028152 -1.534909
-0.229571 -0.417817 2.308243
-0.599977 -1.308026 -1.854852
-0.345098 0.733021 -0.077790
1.728971 1.644350 0.105986
1.480458 1.253309 0.888894
0.292002 1.141632 -1.011194
0.374461 -0.832662 0.722995
0.669360 -1.180978 0.839428
1.386340 0.358790 -0.240386
-0.715472 -0.900646 -0.853883
-0.802013 1.500441 -0.973118
-0.149556 -0.721319 -0.628318
1.498124 -0.953486 -1.427896
-1.016127 -0.070827 0.094999
2.500822 -0.066738 -1.355886
1.432674 -0.250026 0.327992
-1.252811 -0.776920 1.114042
0.314156 -0.862250 0.897573
-1.880504 0.298425 -0.685472
-0.320605 0.263074 1.212453
1.073352 -0.265986 -1.059970
-1.203794 0.315305 2.288028
-1.166732 0.766065 -0.847205
-1.013384 0.149632 0.397653
0.161799 0.283509 0.387323
-0.724662 -0.097133 -0.089391
-0.487790 -0.207376 -0.431259
0.080471 0.947992 1.489143
0.641706 0.417857 0.296670
-1.702930 0.334417 -0.248130
0.343146 1.029541 0.269639
-0.392808 0.977637 -0.276682
0.050883 0.454721 -0.408584
-1.017236 -0.030406 -0.391516
-2.333135 -0.629934 0.317256
-3.156869 -0.653656 0.251635
-0.594186 0.865075 1.130179
0.330764 -0.356436 1.329760
1.132298 2.134648 -0.481706
-0.854257 0.824373 1.817247
0.603794 -0.981144 1.791587
-1.455003 -1.230581 -0.342493
0.000818 -1.068499 0.657970
0.189422 0.780931 0.594017
0.949814 2.037193 -1.468391
0.269501 -1.301081 1.360677
0.684374 -1.262240 -1.540248
1.188512 -0.572761 1.248455
-0.795595 0.153887 1.620417
1.624019 0.542170 -0.742092
-0.409793 1.574454 -0.383396
-0.776941 -0.028145 2.200739
0.130089 0.157792 -0.671633
0.770901 1.688670 -0.981658
0.574753 -1.145378 -0.646591
0.015858 -0.589261 -0.085081
-1.360771 1.615538 0.954518
1.482090 -0.129726 -0.251426
1.135666 1.004339 0.163699
0.126092 -0.908946 -0.338547
1.499927 1.004888 -0.906387
-0.481489 0.025714 0.707705
-0.066399 0.118584 -1.162403
0.141197 0.248642 -1.170776
0.304027 -0.199764 0.203326
0.425050 -1.131296 0.119026
0.057845 -2.266334 0.885100
0.354287 -0.489611 -0.967394
-0.325287 -1.112449 -0.396141
-0.320874 1.248192 1.033391
0.274656 -0.854021 0.085917
0.304667 0.929170 -0.773342
0.061302 -1.917127 0.406146
0.605615 2.281468 0.508967
-1.340411 -1.071445 -0.294000
0.387094 -0.834278 -0.231410
1.161950 2.696039 0.379893
-1.605844 -1.009905 1.921056
-1.014515 -0.257452 -0.301472
-1.511138 1.586030 -0.472420
2.751087 -0.001839 -0.377582
-0.534828 -0.935183 0.184620
-0.575080 0.598882 -1.404136
-1.393032 1.773679 -0.434074
0.485638 -0.951666 -0.436214
-1.132610 -1.195776 1.673673
1.364508 0.334514 2.040850
-0.393251 0.060072 -0.177019
-1.478699 -1.139623 -0.308390
-0.949868 1.302510 0.761798
0.624709 -0.669585 -0.712804
-0.964757 0.252803 1.047009
0.766985 0.857249 -0.211946
-0.144264 0.128468 1.270633
-2.030013 -1.191893 0.982981
-0.642860 0.089908 -1.235160
0.350870 -0.006587 0.329291
0.582621 0.078652 1.077711
-0.011250 -0.381297 0.890753
0.244395 1.333042 -0.441840
0.633706 -1.449317 0.106495
1.181870 1.530405 0.776788
0.604920 0.360278 -0.717470
-0.074422 0.423676 -0.563723
-0.942545 -1.014634 -0.174580
1.042082 -0.591356 -2.156650
-0.009702 0.411717 -0.423617
1.126673 -1.722382 -0.177626
0.410765 0.448974 -1.675415
1.714395 -2.289756 -0.897590
-0.352813 -0.291070 1.323579
1.080250 0.148649 -0.846780
0.085361 0.061539 0.783298
-1.326778 -0.383089 1.556223
