# t T
1 0.997921
2 0.995659
3 0.991900
4 0.986664
5 0.979977
6 0.971872
7 0.962391
8 0.951583
9 0.939504
10 0.926219
11 0.911800
12 0.896324
13 0.879881
14 0.862563
15 0.844471
16 0.825714
17 0.806406
18 0.786665
19 0.766619
20 0.746395
21 0.726128
22 0.705955
23 0.686013
24 0.666442
25 0.647381
26 0.628967
27 0.611335
28 0.594612
29 0.578925
30 0.564390
31 0.551116
32 0.539200
33 0.528732
34 0.519786
35 0.512427
36 0.506703
37 0.502650
38 0.500289
39 0.499626
40 0.500653
41 0.503348
42 0.507674
43 0.513584
44 0.521016
45 0.529898
46 0.540149
47 0.551678
48 0.564389
49 0.578177
50 0.592936
51 0.608553
52 0.624916
53 0.641912
54 0.659429
55 0.677355
56 0.695583
57 0.714009
58 0.732533
59 0.751060
60 0.769503
61 0.787781
62 0.805816
63 0.823543
64 0.840899
65 0.857833
66 0.874298
67 0.890256
68 0.905676
69 0.920535
70 0.934816
71 0.948510
72 0.961612
73 0.974127
74 0.986062
75 0.997433
76 1.008258
77 1.018562
78 1.028374
79 1.037726
80 1.046654
81 1.055196
82 1.063394
83 1.071291
84 1.078931
85 1.086362
86 1.093627
87 1.100776
88 1.107851
89 1.114899
90 1.121963
91 1.129084
92 1.136303
93 1.143655
94 1.151175
95 1.158891
96 1.166832
97 1.175020
98 1.183474
99 1.192208
100 1.201236
101 1.210563
102 1.220193
103 1.230126
104 1.240360
105 1.250886
106 1.261695
107 1.272779
108 1.284122
109 1.295708
110 1.307522
111 1.319547
112 1.331766
113 1.344161
114 1.356715
115 1.369411
116 1.382232
117 1.395165
118 1.408194
119 1.421309
120 1.434495
121 1.447745
122 1.461047
123 1.474397
124 1.487785
125 1.501206
126 1.514655
127 1.528129
128 1.541621
129 1.555129
130 1.568646
131 1.582171
132 1.595695
133 1.609214
134 1.622721
135 1.636208
136 1.649664
137 1.663079
138 1.676442
139 1.689740
140 1.702959
141 1.716082
142 1.729093
143 1.741975
144 1.754711
145 1.767281
146 1.779669
147 1.791857
148 1.803822
149 1.815552
150 1.827029
151 1.838234
152 1.849155
153 1.859776
154 1.870085
155 1.880069
156 1.889719
157 1.899020
158 1.907965
159 1.916544
160 1.924746
161 1.932561
162 1.939977
163 1.946983
164 1.953565
165 1.959709
166 1.965398
167 1.970614
168 1.975339
169 1.979553
170 1.983235
171 1.986367
172 1.988925
173 1.990891
174 1.992248
175 1.992979
176 1.993070
177 1.992512
178 1.991298
179 1.989424
180 1.986888
181 1.983697
182 1.979858
183 1.975380
184 1.970280
185 1.964575
186 1.958283
187 1.951427
188 1.944032
189 1.936123
190 1.927725
191 1.918863
192 1.909568
193 1.899867
194 1.889785
195 1.879349
196 1.868584
197 1.857514
198 1.846163
199 1.834551
200 1.822699
201 1.810623
202 1.798339
203 1.785863
204 1.773204
205 1.760375
206 1.747383
207 1.734234
208 1.720936
209 1.707494
210 1.693912
211 1.680195
212 1.666349
213 1.652375
214 1.638282
215 1.624078
216 1.609768
217 1.595363
218 1.580876
219 1.566317
220 1.551702
221 1.537048
222 1.522371
223 1.507693
224 1.493032
225 1.478412
226 1.463854
227 1.449383
228 1.435020
229 1.420790
230 1.406716
231 1.392818
232 1.379119
233 1.365637
234 1.352391
235 1.339396
236 1.326666
237 1.314214
238 1.302050
239 1.290184
240 1.278622
241 1.267367
242 1.256428
243 1.245803
244 1.235497
245 1.225506
246 1.215833
247 1.206474
248 1.197426
249 1.188686
250 1.180247
251 1.172104
252 1.164247
253 1.156669
254 1.149357
255 1.142299
256 1.135482
257 1.128892
258 1.122511
259 1.116325
260 1.110315
261 1.104466
262 1.098759
263 1.093178
264 1.087707
265 1.082330
266 1.077032
267 1.071802
268 1.066626
269 1.061494
270 1.056397
271 1.051329
272 1.046282
273 1.041252
274 1.036238
275 1.031236
276 1.026247
277 1.021273
278 1.016315
279 1.011376
280 1.006461
281 1.001575
282 0.996723
283 0.991911
284 0.987146
285 0.982433
286 0.977780
287 0.973191
288 0.968674
289 0.964235
290 0.959880
291 0.955613
292 0.951439
293 0.947362
294 0.943385
295 0.939510
296 0.935739
297 0.932074
298 0.928514
299 0.925060
300 0.921711
301 0.918465
302 0.915320
303 0.912274
304 0.909323
305 0.906465
306 0.903696
307 0.901013
308 0.898410
309 0.895887
310 0.893437
311 0.891058
312 0.888747
313 0.886500
314 0.884314
315 0.882186
316 0.880113
317 0.878094
318 0.876126
319 0.874209
320 0.872339
321 0.870516
322 0.868737
323 0.867004
324 0.865313
325 0.863666
326 0.862059
327 0.860494
328 0.858967
329 0.857479
330 0.856028
331 0.854613
332 0.853232
333 0.851885
334 0.850568
335 0.849281
336 0.848021
337 0.846786
338 0.845573
339 0.844381
340 0.843207
341 0.842048
342 0.840901
343 0.839766
344 0.838638
345 0.837516
346 0.836398
347 0.835281
348 0.834164
349 0.833044
350 0.831921
351 0.830792
352 0.829657
353 0.828514
354 0.827363
355 0.826203
356 0.825033
357 0.823852
358 0.822662
359 0.821461
360 0.820249
361 0.819028
362 0.817796
363 0.816556
364 0.815308
365 0.814053
366 0.812792
367 0.811527
368 0.810258
369 0.808987
370 0.807717
371 0.806449
372 0.805186
373 0.803929
374 0.802683
375 0.801448
376 0.800230
377 0.799030
378 0.797852
379 0.796701
380 0.795578
381 0.794488
382 0.793435
383 0.792423
384 0.791455
385 0.790535
386 0.789667
387 0.788854
388 0.788098
389 0.787404
390 0.786773
391 0.786208
392 0.785711
393 0.785282
394 0.784925
395 0.784638
396 0.784423
397 0.784279
398 0.784207
399 0.784204
400 0.784269
401 0.784402
402 0.784599
403 0.784860
404 0.785180
405 0.785558
406 0.785990
407 0.786473
408 0.787004
409 0.787578
410 0.788194
411 0.788845
412 0.789530
413 0.790244
414 0.790984
415 0.791745
416 0.792524
417 0.793318
418 0.794123
419 0.794935
420 0.795750
421 0.796567
422 0.797382
423 0.798191
424 0.798992
425 0.799783
426 0.800561
427 0.801324
428 0.802070
429 0.802797
430 0.803503
431 0.804188
432 0.804849
433 0.805486
434 0.806097
435 0.806682
436 0.807241
437 0.807773
438 0.808278
439 0.808756
440 0.809207
441 0.809631
442 0.810029
443 0.810403
444 0.810753
445 0.811078
446 0.811382
447 0.811665
448 0.811929
449 0.812176
450 0.812407
451 0.812626
452 0.812833
453 0.813032
454 0.813226
455 0.813417
456 0.813608
457 0.813802
458 0.814004
459 0.814217
460 0.814445
461 0.814691
462 0.814960
463 0.815257
464 0.815587
465 0.815952
466 0.816361
467 0.816814
468 0.817319
469 0.817881
470 0.818502
471 0.819189
472 0.819944
473 0.820773
474 0.821679
475 0.822664
476 0.823731
477 0.824884
478 0.826120
479 0.827445
480 0.828854
481 0.830349
482 0.831927
483 0.833584
484 0.835318
485 0.837124
486 0.838996
487 0.840927
488 0.842911
489 0.844940
490 0.847005
491 0.849096
492 0.851205
493 0.853320
494 0.855432
495 0.857530
496 0.859605
497 0.861645
498 0.863641
499 0.865584
500 0.867464
501 0.869273
502 0.871005
503 0.872651
504 0.874205
505 0.875663
506 0.877021
507 0.878275
508 0.879422
509 0.880463
510 0.881396
511 0.882223
512 0.882943
513 0.883560
514 0.884078
515 0.884499
516 0.884827
517 0.885070
518 0.885229
519 0.885314
520 0.885329
521 0.885280
522 0.885175
523 0.885019
524 0.884821
525 0.884586
526 0.884320
527 0.884031
528 0.883722
529 0.883402
530 0.883073
531 0.882741
532 0.882410
533 0.882084
534 0.881766
535 0.881457
536 0.881162
537 0.880880
538 0.880614
539 0.880363
540 0.880127
541 0.879907
542 0.879701
543 0.879508
544 0.879327
545 0.879156
546 0.878993
547 0.878835
548 0.878681
549 0.878529
550 0.878376
551 0.878222
552 0.878063
553 0.877899
554 0.877730
555 0.877555
556 0.877374
557 0.877188
558 0.876999
559 0.876808
560 0.876620
561 0.876436
562 0.876263
563 0.876103
564 0.875964
565 0.875851
566 0.875772
567 0.875733
568 0.875743
569 0.875810
570 0.875940
571 0.876144
572 0.876429
573 0.876802
574 0.877272
575 0.877845
576 0.878528
577 0.879325
578 0.880243
579 0.881284
580 0.882450
581 0.883743
582 0.885164
583 0.886710
584 0.888379
585 0.890167
586 0.892071
587 0.894082
588 0.896196
589 0.898403
590 0.900694
591 0.903061
592 0.905494
593 0.907981
594 0.910513
595 0.913078
596 0.915664
597 0.918262
598 0.920860
599 0.923448
600 0.926014
601 0.928548
602 0.931040
603 0.933479
604 0.935857
605 0.938164
606 0.940391
607 0.942529
608 0.944570
609 0.946506
610 0.948329
611 0.950032
612 0.951607
613 0.953048
614 0.954349
615 0.955504
616 0.956507
617 0.957352
618 0.958035
619 0.958553
620 0.958899
621 0.959074
622 0.959072
623 0.958892
624 0.958534
625 0.957996
626 0.957280
627 0.956386
628 0.955318
629 0.954079
630 0.952675
631 0.951110
632 0.949395
633 0.947538
634 0.945552
635 0.943449
636 0.941246
637 0.938959
638 0.936609
639 0.934216
640 0.931805
641 0.929400
642 0.927027
643 0.924713
644 0.922484
645 0.920370
646 0.918393
647 0.916581
648 0.914954
649 0.913534
650 0.912335
651 0.911371
652 0.910650
653 0.910176
654 0.909949
655 0.909967
656 0.910223
657 0.910705
658 0.911400
659 0.912295
660 0.913372
661 0.914614
662 0.916002
663 0.917519
664 0.919144
665 0.920863
666 0.922655
667 0.924507
668 0.926401
669 0.928323
670 0.930258
671 0.932193
672 0.934115
673 0.936013
674 0.937874
675 0.939691
676 0.941450
677 0.943145
678 0.944767
679 0.946308
680 0.947764
681 0.949128
682 0.950396
683 0.951565
684 0.952633
685 0.953597
686 0.954459
687 0.955221
688 0.955882
689 0.956447
690 0.956919
691 0.957303
692 0.957604
693 0.957827
694 0.957980
695 0.958067
696 0.958097
697 0.958077
698 0.958011
699 0.957908
700 0.957773
701 0.957614
702 0.957435
703 0.957242
704 0.957039
705 0.956832
706 0.956622
707 0.956412
708 0.956206
709 0.956003
710 0.955803
711 0.955606
712 0.955410
713 0.955213
714 0.955009
715 0.954796
716 0.954568
717 0.954319
718 0.954042
719 0.953733
720 0.953383
721 0.952987
722 0.952539
723 0.952034
724 0.951467
725 0.950834
726 0.950135
727 0.949368
728 0.948535
729 0.947637
730 0.946680
731 0.945669
732 0.944611
733 0.943516
734 0.942394
735 0.941257
736 0.940118
737 0.938990
738 0.937889
739 0.936829
740 0.935824
741 0.934889
742 0.934038
743 0.933285
744 0.932638
745 0.932111
746 0.931711
747 0.931444
748 0.931315
749 0.931327
750 0.931478
751 0.931770
752 0.932195
753 0.932750
754 0.933428
755 0.934219
756 0.935115
757 0.936106
758 0.937180
759 0.938328
760 0.939537
761 0.940796
762 0.942096
763 0.943424
764 0.944772
765 0.946130
766 0.947489
767 0.948841
768 0.950180
769 0.951498
770 0.952791
771 0.954055
772 0.955283
773 0.956477
774 0.957632
775 0.958747
776 0.959823
777 0.960860
778 0.961859
779 0.962821
780 0.963749
781 0.964645
782 0.965512
783 0.966353
784 0.967170
785 0.967966
786 0.968743
787 0.969504
788 0.970249
789 0.970980
790 0.971697
791 0.972400
792 0.973088
793 0.973761
794 0.974415
795 0.975051
796 0.975663
797 0.976250
798 0.976808
799 0.977335
800 0.977825
801 0.978276
802 0.978685
803 0.979047
804 0.979361
805 0.979622
806 0.979829
807 0.979980
808 0.980072
809 0.980106
810 0.980080
811 0.979997
812 0.979857
813 0.979665
814 0.979422
815 0.979133
816 0.978805
817 0.978445
818 0.978059
819 0.977655
820 0.977243
821 0.976833
822 0.976433
823 0.976054
824 0.975704
825 0.975394
826 0.975133
827 0.974926
828 0.974781
829 0.974703
830 0.974695
831 0.974759
832 0.974894
833 0.975099
834 0.975370
835 0.975702
836 0.976087
837 0.976517
838 0.976983
839 0.977472
840 0.977975
841 0.978479
842 0.978972
843 0.979443
844 0.979881
845 0.980274
846 0.980614
847 0.980891
848 0.981099
849 0.981233
850 0.981288
851 0.981262
852 0.981154
853 0.980965
854 0.980700
855 0.980360
856 0.979952
857 0.979485
858 0.978965
859 0.978402
860 0.977806
861 0.977188
862 0.976560
863 0.975930
864 0.975308
865 0.974707
866 0.974134
867 0.973596
868 0.973101
869 0.972653
870 0.972257
871 0.971915
872 0.971627
873 0.971393
874 0.971211
875 0.971078
876 0.970989
877 0.970941
878 0.970927
879 0.970941
880 0.970979
881 0.971033
882 0.971098
883 0.971170
884 0.971243
885 0.971314
886 0.971379
887 0.971436
888 0.971483
889 0.971519
890 0.971545
891 0.971562
892 0.971570
893 0.971573
894 0.971572
895 0.971572
896 0.971576
897 0.971588
898 0.971612
899 0.971651
900 0.971710
901 0.971792
902 0.971900
903 0.972038
904 0.972206
905 0.972408
906 0.972644
907 0.972915
908 0.973219
909 0.973556
910 0.973922
911 0.974316
912 0.974734
913 0.975170
914 0.975624
915 0.976089
916 0.976559
917 0.977032
918 0.977504
919 0.977970
920 0.978430
921 0.978879
922 0.979319
923 0.979749
924 0.980171
925 0.980588
926 0.981004
927 0.981423
928 0.981852
929 0.982298
930 0.982769
931 0.983270
932 0.983813
933 0.984402
934 0.985046
935 0.985753
936 0.986527
937 0.987374
938 0.988297
939 0.989298
940 0.990380
941 0.991541
942 0.992780
943 0.994095
944 0.995480
945 0.996932
946 0.998443
947 1.000008
948 1.001620
949 1.003270
950 1.004951
951 1.006656
952 1.008379
953 1.010114
954 1.011853
955 1.013596
956 1.015336
957 1.017072
958 1.018801
959 1.020524
960 1.022239
961 1.023947
962 1.025648
963 1.027341
964 1.029026
965 1.030700
966 1.032359
967 1.034001
968 1.035618
969 1.037204
970 1.038747
971 1.040238
972 1.041665
973 1.043016
974 1.044279
975 1.045441
976 1.046488
977 1.047411
978 1.048201
979 1.048848
980 1.049347
981 1.049693
982 1.049883
983 1.049917
984 1.049797
985 1.049525
986 1.049109
987 1.048552
988 1.047865
989 1.047056
990 1.046136
991 1.045115
992 1.044005
993 1.042817
994 1.041562
995 1.040252
996 1.038897
997 1.037507
998 1.036092
999 1.034661
1000 1.033219
1001 1.031773
1002 1.030329
1003 1.028887
1004 1.027452
1005 1.026022
1006 1.024597
1007 1.023177
1008 1.021757
1009 1.020332
1010 1.018900
1011 1.017454
1012 1.015991
1013 1.014503
1014 1.012988
1015 1.011440
1016 1.009856
1017 1.008234
1018 1.006572
1019 1.004871
1020 1.003131
1021 1.001356
1022 0.999553
1023 0.997724
1024 0.995881
1025 0.994030
1026 0.992181
1027 0.990345
1028 0.988532
1029 0.986754
1030 0.985018
1031 0.983336
1032 0.981715
1033 0.980161
1034 0.978678
1035 0.977269
1036 0.975934
1037 0.974671
1038 0.973476
1039 0.972344
1040 0.971267
1041 0.970236
1042 0.969245
1043 0.968279
1044 0.967333
1045 0.966396
1046 0.965461
1047 0.964520
1048 0.963569
1049 0.962603
1050 0.961622
1051 0.960625
1052 0.959615
1053 0.958597
1054 0.957575
1055 0.956557
1056 0.955553
1057 0.954573
1058 0.953629
1059 0.952732
1060 0.951894
1061 0.951128
1062 0.950445
1063 0.949857
1064 0.949374
1065 0.949007
1066 0.948761
1067 0.948645
1068 0.948662
1069 0.948816
1070 0.949108
1071 0.949536
1072 0.950097
1073 0.950787
1074 0.951599
1075 0.952527
1076 0.953560
1077 0.954690
1078 0.955906
1079 0.957195
1080 0.958548
1081 0.959953
1082 0.961398
1083 0.962874
1084 0.964370
1085 0.965879
1086 0.967392
1087 0.968904
1088 0.970409
1089 0.971903
1090 0.973385
1091 0.974853
1092 0.976308
1093 0.977751
1094 0.979183
1095 0.980610
1096 0.982033
1097 0.983460
1098 0.984892
1099 0.986337
1100 0.987799
1101 0.989282
1102 0.990791
1103 0.992330
1104 0.993902
1105 0.995508
1106 0.997149
1107 0.998823
1108 1.000529
1109 1.002262
1110 1.004017
1111 1.005789
1112 1.007569
1113 1.009347
1114 1.011116
1115 1.012862
1116 1.014578
1117 1.016252
1118 1.017872
1119 1.019430
1120 1.020917
1121 1.022324
1122 1.023645
1123 1.024872
1124 1.026004
1125 1.027034
1126 1.027962
1127 1.028785
1128 1.029503
1129 1.030117
1130 1.030626
1131 1.031034
1132 1.031341
1133 1.031550
1134 1.031662
1135 1.031681
1136 1.031609
1137 1.031446
1138 1.031198
1139 1.030865
1140 1.030451
1141 1.029958
1142 1.029390
1143 1.028749
1144 1.028038
1145 1.027264
1146 1.026431
1147 1.025543
1148 1.024607
1149 1.023629
1150 1.022616
1151 1.021578
1152 1.020522
1153 1.019457
1154 1.018393
1155 1.017340
1156 1.016307
1157 1.015304
1158 1.014341
1159 1.013425
1160 1.012566
1161 1.011769
1162 1.011043
1163 1.010388
1164 1.009810
1165 1.009308
1166 1.008883
1167 1.008530
1168 1.008248
1169 1.008027
1170 1.007863
1171 1.007746
1172 1.007666
1173 1.007611
1174 1.007573
1175 1.007540
1176 1.007500
1177 1.007445
1178 1.007364
1179 1.007250
1180 1.007096
1181 1.006897
1182 1.006650
1183 1.006354
1184 1.006007
1185 1.005614
1186 1.005175
1187 1.004696
1188 1.004184
1189 1.003643
1190 1.003081
1191 1.002505
1192 1.001922
1193 1.001340
1194 1.000763
1195 1.000198
1196 0.999649
1197 0.999119
1198 0.998614
1199 0.998132
1200 0.997677
1201 0.997250
1202 0.996850
1203 0.996480
1204 0.996139
1205 0.995828
1206 0.995549
1207 0.995302
1208 0.995091
1209 0.994917
1210 0.994783
1211 0.994694
1212 0.994652
1213 0.994662
1214 0.994726
1215 0.994851
1216 0.995040
1217 0.995294
1218 0.995619
1219 0.996017
1220 0.996490
1221 0.997040
1222 0.997665
1223 0.998369
1224 0.999147
1225 1.000001
1226 1.000925
1227 1.001919
1228 1.002975
1229 1.004090
1230 1.005259
1231 1.006474
1232 1.007730
1233 1.009017
1234 1.010329
1235 1.011658
1236 1.012994
1237 1.014330
1238 1.015655
1239 1.016962
1240 1.018243
1241 1.019488
1242 1.020690
1243 1.021842
1244 1.022935
1245 1.023963
1246 1.024920
1247 1.025801
1248 1.026599
1249 1.027312
1250 1.027934
1251 1.028462
1252 1.028893
1253 1.029224
1254 1.029453
1255 1.029578
1256 1.029598
1257 1.029512
1258 1.029317
1259 1.029013
1260 1.028600
1261 1.028078
1262 1.027444
1263 1.026701
1264 1.025847
1265 1.024885
1266 1.023813
1267 1.022634
1268 1.021350
1269 1.019961
1270 1.018470
1271 1.016882
1272 1.015199
1273 1.013425
1274 1.011564
1275 1.009621
1276 1.007603
1277 1.005516
1278 1.003364
1279 1.001157
1280 0.998901
1281 0.996604
1282 0.994275
1283 0.991922
1284 0.989553
1285 0.987178
1286 0.984807
1287 0.982448
1288 0.980111
1289 0.977804
1290 0.975537
1291 0.973320
1292 0.971160
1293 0.969066
1294 0.967045
1295 0.965105
1296 0.963253
1297 0.961495
1298 0.959836
1299 0.958281
1300 0.956834
1301 0.955498
1302 0.954277
1303 0.953172
1304 0.952183
1305 0.951314
1306 0.950562
1307 0.949930
1308 0.949416
1309 0.949021
1310 0.948744
1311 0.948584
1312 0.948541
1313 0.948617
1314 0.948809
1315 0.949119
1316 0.949547
1317 0.950094
1318 0.950760
1319 0.951546
1320 0.952453
1321 0.953479
1322 0.954628
1323 0.955898
1324 0.957287
1325 0.958797
1326 0.960423
1327 0.962165
1328 0.964018
1329 0.965978
1330 0.968043
1331 0.970204
1332 0.972457
1333 0.974793
1334 0.977206
1335 0.979688
1336 0.982228
1337 0.984820
1338 0.987452
1339 0.990115
1340 0.992800
1341 0.995495
1342 0.998191
1343 1.000880
1344 1.003550
1345 1.006191
1346 1.008794
1347 1.011351
1348 1.013850
1349 1.016285
1350 1.018646
1351 1.020925
1352 1.023113
1353 1.025203
1354 1.027185
1355 1.029055
1356 1.030804
1357 1.032425
1358 1.033914
1359 1.035264
1360 1.036471
1361 1.037529
1362 1.038439
1363 1.039194
1364 1.039796
1365 1.040244
1366 1.040539
1367 1.040684
1368 1.040682
1369 1.040539
1370 1.040261
1371 1.039855
1372 1.039332
1373 1.038701
1374 1.037972
1375 1.037158
1376 1.036270
1377 1.035323
1378 1.034328
1379 1.033298
1380 1.032246
1381 1.031184
1382 1.030124
1383 1.029075
1384 1.028048
1385 1.027051
1386 1.026091
1387 1.025175
1388 1.024307
1389 1.023491
1390 1.022730
1391 1.022025
1392 1.021375
1393 1.020779
1394 1.020236
1395 1.019744
1396 1.019297
1397 1.018891
1398 1.018520
1399 1.018180
1400 1.017862
1401 1.017561
1402 1.017267
1403 1.016972
1404 1.016670
1405 1.016351
1406 1.016006
1407 1.015627
1408 1.015205
1409 1.014734
1410 1.014204
1411 1.013610
1412 1.012945
1413 1.012203
1414 1.011380
1415 1.010473
1416 1.009479
1417 1.008398
1418 1.007228
1419 1.005973
1420 1.004634
1421 1.003214
1422 1.001718
1423 1.000151
1424 0.998520
1425 0.996830
1426 0.995089
1427 0.993304
1428 0.991481
1429 0.989625
1430 0.987744
1431 0.985844
1432 0.983928
1433 0.982001
1434 0.980066
1435 0.978127
1436 0.976184
1437 0.974240
1438 0.972297
1439 0.970354
1440 0.968415
1441 0.966481
1442 0.964552
1443 0.962633
1444 0.960726
1445 0.958835
1446 0.956966
1447 0.955122
1448 0.953313
1449 0.951543
1450 0.949822
1451 0.948157
1452 0.946558
1453 0.945033
1454 0.943592
1455 0.942242
1456 0.940994
1457 0.939854
1458 0.938831
1459 0.937930
1460 0.937158
1461 0.936518
1462 0.936015
1463 0.935651
1464 0.935425
1465 0.935338
1466 0.935389
1467 0.935573
1468 0.935889
1469 0.936330
1470 0.936892
1471 0.937569
1472 0.938352
1473 0.939235
1474 0.940212
1475 0.941273
1476 0.942411
1477 0.943620
1478 0.944889
1479 0.946214
1480 0.947587
1481 0.949000
1482 0.950449
1483 0.951925
1484 0.953424
1485 0.954942
1486 0.956471
1487 0.958010
1488 0.959554
1489 0.961098
1490 0.962642
1491 0.964182
1492 0.965717
1493 0.967246
1494 0.968767
1495 0.970280
1496 0.971786
1497 0.973285
1498 0.974778
1499 0.976266
1500 0.977750
1501 0.979233
1502 0.980715
1503 0.982199
1504 0.983686
1505 0.985178
1506 0.986677
1507 0.988183
1508 0.989699
1509 0.991224
1510 0.992759
1511 0.994304
1512 0.995859
1513 0.997425
1514 0.998999
1515 1.000580
1516 1.002168
1517 1.003761
1518 1.005356
1519 1.006950
1520 1.008542
1521 1.010128
1522 1.011705
1523 1.013269
1524 1.014816
1525 1.016344
1526 1.017847
1527 1.019322
1528 1.020763
1529 1.022167
1530 1.023530
1531 1.024845
1532 1.026110
1533 1.027319
1534 1.028469
1535 1.029555
1536 1.030573
1537 1.031520
1538 1.032391
1539 1.033184
1540 1.033895
1541 1.034522
1542 1.035062
1543 1.035515
1544 1.035877
1545 1.036149
1546 1.036329
1547 1.036416
1548 1.036412
1549 1.036317
1550 1.036131
1551 1.035857
1552 1.035496
1553 1.035052
1554 1.034526
1555 1.033923
1556 1.033246
1557 1.032500
1558 1.031689
1559 1.030820
1560 1.029897
1561 1.028927
1562 1.027917
1563 1.026874
1564 1.025802
1565 1.024711
1566 1.023606
1567 1.022496
1568 1.021387
1569 1.020285
1570 1.019198
1571 1.018131
1572 1.017091
1573 1.016082
1574 1.015108
1575 1.014177
1576 1.013290
1577 1.012451
1578 1.011663
1579 1.010929
1580 1.010249
1581 1.009627
1582 1.009062
1583 1.008557
1584 1.008111
1585 1.007722
1586 1.007391
1587 1.007119
1588 1.006902
1589 1.006739
1590 1.006627
1591 1.006566
1592 1.006549
1593 1.006575
1594 1.006639
1595 1.006736
1596 1.006863
1597 1.007012
1598 1.007180
1599 1.007361
1600 1.007549
1601 1.007740
1602 1.007929
1603 1.008110
1604 1.008280
1605 1.008436
1606 1.008574
1607 1.008690
1608 1.008786
1609 1.008859
1610 1.008910
1611 1.008939
1612 1.008949
1613 1.008940
1614 1.008915
1615 1.008879
1616 1.008834
1617 1.008783
1618 1.008732
1619 1.008683
1620 1.008640
1621 1.008607
1622 1.008586
1623 1.008579
1624 1.008588
1625 1.008615
1626 1.008658
1627 1.008718
1628 1.008794
1629 1.008883
1630 1.008980
1631 1.009083
1632 1.009187
1633 1.009285
1634 1.009374
1635 1.009445
1636 1.009494
1637 1.009513
1638 1.009496
1639 1.009437
1640 1.009332
1641 1.009174
1642 1.008960
1643 1.008688
1644 1.008355
1645 1.007962
1646 1.007510
1647 1.007002
1648 1.006441
1649 1.005834
1650 1.005188
1651 1.004511
1652 1.003815
1653 1.003110
1654 1.002407
1655 1.001719
1656 1.001060
1657 1.000442
1658 0.999878
1659 0.999380
1660 0.998960
1661 0.998627
1662 0.998390
1663 0.998256
1664 0.998231
1665 0.998317
1666 0.998515
1667 0.998828
1668 0.999248
1669 0.999775
1670 1.000402
1671 1.001120
1672 1.001923
1673 1.002798
1674 1.003738
1675 1.004729
1676 1.005761
1677 1.006822
1678 1.007900
1679 1.008982
1680 1.010059
1681 1.011120
1682 1.012153
1683 1.013150
1684 1.014101
1685 1.014999
1686 1.015835
1687 1.016602
1688 1.017296
1689 1.017911
1690 1.018443
1691 1.018890
1692 1.019247
1693 1.019513
1694 1.019687
1695 1.019770
1696 1.019761
1697 1.019662
1698 1.019474
1699 1.019200
1700 1.018843
1701 1.018406
1702 1.017894
1703 1.017310
1704 1.016659
1705 1.015946
1706 1.015176
1707 1.014354
1708 1.013485
1709 1.012574
1710 1.011625
1711 1.010644
1712 1.009633
1713 1.008597
1714 1.007540
1715 1.006461
1716 1.005367
1717 1.004257
1718 1.003132
1719 1.001995
1720 1.000846
1721 0.999685
1722 0.998512
1723 0.997328
1724 0.996132
1725 0.994926
1726 0.993710
1727 0.992485
1728 0.991252
1729 0.990013
1730 0.988771
1731 0.987529
1732 0.986290
1733 0.985057
1734 0.983836
1735 0.982633
1736 0.981450
1737 0.980296
1738 0.979176
1739 0.978096
1740 0.977064
1741 0.976085
1742 0.975166
1743 0.974313
1744 0.973532
1745 0.972829
1746 0.972209
1747 0.971679
1748 0.971240
1749 0.970898
1750 0.970656
1751 0.970517
1752 0.970482
1753 0.970553
1754 0.970732
1755 0.971018
1756 0.971411
1757 0.971910
1758 0.972514
1759 0.973222
1760 0.974032
1761 0.974940
1762 0.975944
1763 0.977041
1764 0.978227
1765 0.979499
1766 0.980851
1767 0.982280
1768 0.983780
1769 0.985347
1770 0.986974
1771 0.988657
1772 0.990388
1773 0.992162
1774 0.993972
1775 0.995810
1776 0.997671
1777 0.999545
1778 1.001425
1779 1.003303
1780 1.005171
1781 1.007021
1782 1.008847
1783 1.010636
1784 1.012385
1785 1.014085
1786 1.015729
1787 1.017309
1788 1.018823
1789 1.020261
1790 1.021623
1791 1.022904
1792 1.024101
1793 1.025212
1794 1.026238
1795 1.027178
1796 1.028032
1797 1.028803
1798 1.029493
1799 1.030105
1800 1.030643
1801 1.031112
1802 1.031514
1803 1.031856
1804 1.032145
1805 1.032385
1806 1.032582
1807 1.032743
1808 1.032875
1809 1.032985
1810 1.033077
1811 1.033160
1812 1.033239
1813 1.033318
1814 1.033403
1815 1.033498
1816 1.033605
1817 1.033728
1818 1.033867
1819 1.034020
1820 1.034186
1821 1.034365
1822 1.034550
1823 1.034738
1824 1.034925
1825 1.035103
1826 1.035267
1827 1.035413
1828 1.035531
1829 1.035619
1830 1.035671
1831 1.035681
1832 1.035646
1833 1.035562
1834 1.035428
1835 1.035243
1836 1.035004
1837 1.034714
1838 1.034372
1839 1.033981
1840 1.033543
1841 1.033062
1842 1.032541
1843 1.031984
1844 1.031398
1845 1.030784
1846 1.030149
1847 1.029498
1848 1.028837
1849 1.028169
1850 1.027501
1851 1.026837
1852 1.026182
1853 1.025538
1854 1.024912
1855 1.024304
1856 1.023719
1857 1.023158
1858 1.022622
1859 1.022113
1860 1.021631
1861 1.021174
1862 1.020742
1863 1.020332
1864 1.019942
1865 1.019568
1866 1.019207
1867 1.018854
1868 1.018504
1869 1.018152
1870 1.017793
1871 1.017421
1872 1.017031
1873 1.016618
1874 1.016177
1875 1.015704
1876 1.015194
1877 1.014647
1878 1.014060
1879 1.013432
1880 1.012763
1881 1.012056
1882 1.011312
1883 1.010536
1884 1.009732
1885 1.008905
1886 1.008063
1887 1.007212
1888 1.006360
1889 1.005516
1890 1.004689
1891 1.003886
1892 1.003118
1893 1.002392
1894 1.001717
1895 1.001101
1896 1.000552
1897 1.000075
1898 0.999679
1899 0.999367
1900 0.999145
1901 0.999016
1902 0.998985
1903 0.999053
1904 0.999222
1905 0.999493
1906 0.999866
1907 1.000341
1908 1.000915
1909 1.001586
1910 1.002352
1911 1.003210
1912 1.004154
1913 1.005182
1914 1.006283
1915 1.007455
1916 1.008689
1917 1.009976
1918 1.011309
1919 1.012678
1920 1.014070
1921 1.015477
1922 1.016885
1923 1.018286
1924 1.019666
1925 1.021014
1926 1.022320
1927 1.023571
1928 1.024760
1929 1.025876
1930 1.026914
1931 1.027864
1932 1.028723
1933 1.029488
1934 1.030158
1935 1.030733
1936 1.031214
1937 1.031609
1938 1.031921
1939 1.032160
1940 1.032337
1941 1.032461
1942 1.032550
1943 1.032613
1944 1.032669
1945 1.032732
1946 1.032818
1947 1.032941
1948 1.033116
1949 1.033355
1950 1.033668
1951 1.034064
1952 1.034548
1953 1.035124
1954 1.035792
1955 1.036551
1956 1.037394
1957 1.038316
1958 1.039309
1959 1.040360
1960 1.041459
1961 1.042593
1962 1.043748
1963 1.044911
1964 1.046070
1965 1.047211
1966 1.048323
1967 1.049394
1968 1.050415
1969 1.051376
1970 1.052270
1971 1.053089
1972 1.053827
1973 1.054478
1974 1.055039
1975 1.055506
1976 1.055875
1977 1.056146
1978 1.056315
1979 1.056381
1980 1.056343
1981 1.056202
1982 1.055955
1983 1.055605
1984 1.055151
1985 1.054593
1986 1.053935
1987 1.053175
1988 1.052319
1989 1.051366
1990 1.050320
1991 1.049183
1992 1.047960
1993 1.046654
1994 1.045268
1995 1.043807
1996 1.042274
1997 1.040677
1998 1.039019
1999 1.037307
2000 1.035547
2001 1.033745
2002 1.031911
2003 1.030050
2004 1.028174
2005 1.026290
2006 1.024410
2007 1.022542
2008 1.020700
2009 1.018893
2010 1.017133
2011 1.015431
2012 1.013796
2013 1.012239
2014 1.010766
2015 1.009387
2016 1.008107
2017 1.006930
2018 1.005861
2019 1.004898
2020 1.004042
2021 1.003289
2022 1.002639
2023 1.002084
2024 1.001616
2025 1.001231
2026 1.000918
2027 1.000669
2028 1.000473
2029 1.000320
2030 1.000202
2031 1.000106
2032 1.000024
2033 0.999947
2034 0.999864
2035 0.999767
2036 0.999649
2037 0.999501
2038 0.999317
2039 0.999091
2040 0.998817
2041 0.998490
2042 0.998106
2043 0.997661
2044 0.997153
2045 0.996579
2046 0.995937
2047 0.995226
2048 0.994447
2049 0.993598
2050 0.992682
2051 0.991701
2052 0.990655
2053 0.989548
2054 0.988383
2055 0.987163
2056 0.985895
2057 0.984581
2058 0.983228
2059 0.981840
2060 0.980426
2061 0.978990
2062 0.977538
2063 0.976077
2064 0.974615
2065 0.973156
2066 0.971707
2067 0.970273
2068 0.968860
2069 0.967473
2070 0.966115
2071 0.964791
2072 0.963504
2073 0.962255
2074 0.961046
2075 0.959877
2076 0.958750
2077 0.957664
2078 0.956616
2079 0.955606
2080 0.954630
2081 0.953685
2082 0.952767
2083 0.951874
2084 0.950999
2085 0.950139
2086 0.949287
2087 0.948441
2088 0.947596
2089 0.946747
2090 0.945889
2091 0.945021
2092 0.944138
2093 0.943238
2094 0.942321
2095 0.941386
2096 0.940434
2097 0.939465
2098 0.938484
2099 0.937493
2100 0.936497
2101 0.935501
2102 0.934512
2103 0.933539
2104 0.932588
2105 0.931668
2106 0.930790
2107 0.929962
2108 0.929196
2109 0.928501
2110 0.927886
2111 0.927363
2112 0.926939
2113 0.926624
2114 0.926424
2115 0.926346
2116 0.926393
2117 0.926570
2118 0.926878
2119 0.927316
2120 0.927884
2121 0.928576
2122 0.929387
2123 0.930311
2124 0.931336
2125 0.932452
2126 0.933649
2127 0.934912
2128 0.936227
2129 0.937581
2130 0.938957
2131 0.940342
2132 0.941721
2133 0.943080
2134 0.944406
2135 0.945687
2136 0.946913
2137 0.948074
2138 0.949166
2139 0.950179
2140 0.951112
2141 0.951961
2142 0.952728
2143 0.953411
2144 0.954016
2145 0.954546
2146 0.955005
2147 0.955402
2148 0.955743
2149 0.956036
2150 0.956288
2151 0.956512
2152 0.956711
2153 0.956898
2154 0.957079
2155 0.957263
2156 0.957454
2157 0.957660
2158 0.957885
2159 0.958132
2160 0.958403
2161 0.958701
2162 0.959024
2163 0.959373
2164 0.959743
2165 0.960134
2166 0.960542
2167 0.960961
2168 0.961390
2169 0.961823
2170 0.962258
2171 0.962689
2172 0.963114
2173 0.963531
2174 0.963936
2175 0.964331
2176 0.964714
2177 0.965086
2178 0.965447
2179 0.965801
2180 0.966151
2181 0.966500
2182 0.966854
2183 0.967220
2184 0.967604
2185 0.968012
2186 0.968456
2187 0.968942
2188 0.969480
2189 0.970082
2190 0.970757
2191 0.971516
2192 0.972369
2193 0.973325
2194 0.974394
2195 0.975584
2196 0.976902
2197 0.978354
2198 0.979944
2199 0.981675
2200 0.983547
2201 0.985559
2202 0.987706
2203 0.989985
2204 0.992388
2205 0.994907
2206 0.997532
2207 1.000251
2208 1.003051
2209 1.005921
2210 1.008845
2211 1.011809
2212 1.014800
2213 1.017802
2214 1.020802
2215 1.023786
2216 1.026741
2217 1.029653
2218 1.032510
2219 1.035303
2220 1.038018
2221 1.040648
2222 1.043183
2223 1.045614
2224 1.047935
2225 1.050140
2226 1.052220
2227 1.054175
2228 1.055997
2229 1.057683
2230 1.059231
2231 1.060638
2232 1.061902
2233 1.063023
2234 1.063999
2235 1.064830
2236 1.065515
2237 1.066057
2238 1.066454
2239 1.066706
2240 1.066817
2241 1.066786
2242 1.066615
2243 1.066306
2244 1.065859
2245 1.065279
2246 1.064567
2247 1.063724
2248 1.062754
2249 1.061661
2250 1.060448
2251 1.059118
2252 1.057676
2253 1.056127
2254 1.054475
2255 1.052726
2256 1.050886
2257 1.048959
2258 1.046956
2259 1.044880
2260 1.042739
2261 1.040543
2262 1.038297
2263 1.036011
2264 1.033694
2265 1.031352
2266 1.028998
2267 1.026638
2268 1.024283
2269 1.021943
2270 1.019627
2271 1.017344
2272 1.015105
2273 1.012918
2274 1.010795
2275 1.008741
2276 1.006770
2277 1.004887
2278 1.003100
2279 1.001417
2280 0.999844
2281 0.998387
2282 0.997051
2283 0.995839
2284 0.994754
2285 0.993797
2286 0.992968
2287 0.992266
2288 0.991689
2289 0.991231
2290 0.990889
2291 0.990656
2292 0.990524
2293 0.990484
2294 0.990527
2295 0.990641
2296 0.990816
2297 0.991039
2298 0.991299
2299 0.991583
2300 0.991878
2301 0.992171
2302 0.992449
2303 0.992702
2304 0.992917
2305 0.993084
2306 0.993191
2307 0.993232
2308 0.993195
2309 0.993074
2310 0.992864
2311 0.992557
2312 0.992150
2313 0.991639
2314 0.991024
2315 0.990302
2316 0.989474
2317 0.988541
2318 0.987504
2319 0.986367
2320 0.985134
2321 0.983808
2322 0.982396
2323 0.980903
2324 0.979334
2325 0.977699
2326 0.976001
2327 0.974251
2328 0.972455
2329 0.970619
2330 0.968752
2331 0.966861
2332 0.964953
2333 0.963036
2334 0.961114
2335 0.959197
2336 0.957287
2337 0.955391
2338 0.953515
2339 0.951663
2340 0.949838
2341 0.948045
2342 0.946286
2343 0.944566
2344 0.942885
2345 0.941247
2346 0.939651
2347 0.938101
2348 0.936596
2349 0.935137
2350 0.933724
2351 0.932357
2352 0.931036
2353 0.929759
2354 0.928526
2355 0.927338
2356 0.926192
2357 0.925088
2358 0.924025
2359 0.923004
2360 0.922023
2361 0.921084
2362 0.920187
2363 0.919332
2364 0.918521
2365 0.917757
2366 0.917041
2367 0.916375
2368 0.915762
2369 0.915205
2370 0.914706
2371 0.914268
2372 0.913893
2373 0.913583
2374 0.913341
2375 0.913167
2376 0.913064
2377 0.913030
2378 0.913067
2379 0.913175
2380 0.913353
2381 0.913602
2382 0.913921
2383 0.914310
2384 0.914769
2385 0.915298
2386 0.915898
2387 0.916571
2388 0.917317
2389 0.918139
2390 0.919036
2391 0.920013
2392 0.921071
2393 0.922211
2394 0.923438
2395 0.924750
2396 0.926151
2397 0.927639
2398 0.929217
2399 0.930882
2400 0.932635
2401 0.934472
2402 0.936390
2403 0.938386
2404 0.940455
2405 0.942593
2406 0.944793
2407 0.947050
2408 0.949357
2409 0.951708
2410 0.954097
2411 0.956515
2412 0.958959
2413 0.961419
2414 0.963893
2415 0.966375
2416 0.968859
2417 0.971343
2418 0.973822
2419 0.976295
2420 0.978759
2421 0.981213
2422 0.983656
2423 0.986087
2424 0.988509
2425 0.990920
2426 0.993322
2427 0.995716
2428 0.998104
2429 1.000488
2430 1.002869
2431 1.005248
2432 1.007628
2433 1.010009
2434 1.012393
2435 1.014779
2436 1.017168
2437 1.019560
2438 1.021954
2439 1.024349
2440 1.026742
2441 1.029132
2442 1.031515
2443 1.033888
2444 1.036247
2445 1.038585
2446 1.040898
2447 1.043181
2448 1.045427
2449 1.047629
2450 1.049779
2451 1.051870
2452 1.053895
2453 1.055846
2454 1.057715
2455 1.059493
2456 1.061174
2457 1.062749
2458 1.064211
2459 1.065554
2460 1.066770
2461 1.067856
2462 1.068804
2463 1.069611
2464 1.070274
2465 1.070789
2466 1.071156
2467 1.071371
2468 1.071436
2469 1.071353
2470 1.071122
2471 1.070747
2472 1.070233
2473 1.069584
2474 1.068806
2475 1.067907
2476 1.066894
2477 1.065776
2478 1.064564
2479 1.063266
2480 1.061895
2481 1.060461
2482 1.058977
2483 1.057454
2484 1.055907
2485 1.054346
2486 1.052784
2487 1.051235
2488 1.049710
2489 1.048219
2490 1.046777
2491 1.045391
2492 1.044073
2493 1.042831
2494 1.041673
2495 1.040606
2496 1.039636
2497 1.038767
2498 1.038004
2499 1.037348
2500 1.036802
2501 1.036368
2502 1.036043
2503 1.035828
2504 1.035722
2505 1.035721
2506 1.035824
2507 1.036028
2508 1.036331
2509 1.036727
2510 1.037216
2511 1.037794
2512 1.038457
2513 1.039204
2514 1.040032
2515 1.040936
2516 1.041916
2517 1.042967
2518 1.044087
2519 1.045272
2520 1.046518
2521 1.047820
2522 1.049173
2523 1.050570
2524 1.052004
2525 1.053468
2526 1.054951
2527 1.056446
2528 1.057940
2529 1.059423
2530 1.060883
2531 1.062306
2532 1.063682
2533 1.064998
2534 1.066241
2535 1.067399
2536 1.068462
2537 1.069419
2538 1.070260
2539 1.070978
2540 1.071566
2541 1.072020
2542 1.072334
2543 1.072507
2544 1.072540
2545 1.072432
2546 1.072187
2547 1.071810
2548 1.071307
2549 1.070683
2550 1.069951
2551 1.069117
2552 1.068193
2553 1.067193
2554 1.066125
2555 1.065005
2556 1.063843
2557 1.062653
2558 1.061447
2559 1.060238
2560 1.059035
2561 1.057851
2562 1.056694
2563 1.055572
2564 1.054493
2565 1.053465
2566 1.052490
2567 1.051574
2568 1.050718
2569 1.049924
2570 1.049190
2571 1.048519
2572 1.047906
2573 1.047348
2574 1.046842
2575 1.046384
2576 1.045967
2577 1.045586
2578 1.045234
2579 1.044904
2580 1.044588
2581 1.044278
2582 1.043966
2583 1.043642
2584 1.043299
2585 1.042929
2586 1.042522
2587 1.042070
2588 1.041567
2589 1.041004
2590 1.040376
2591 1.039677
2592 1.038901
2593 1.038046
2594 1.037107
2595 1.036084
2596 1.034975
2597 1.033781
2598 1.032504
2599 1.031147
2600 1.029713
2601 1.028208
2602 1.026641
2603 1.025015
2604 1.023342
2605 1.021632
2606 1.019894
2607 1.018140
2608 1.016383
2609 1.014634
2610 1.012906
2611 1.011213
2612 1.009567
2613 1.007982
2614 1.006468
2615 1.005038
2616 1.003703
2617 1.002472
2618 1.001354
2619 1.000355
2620 0.999482
2621 0.998739
2622 0.998128
2623 0.997651
2624 0.997305
2625 0.997089
2626 0.997000
2627 0.997033
2628 0.997180
2629 0.997436
2630 0.997791
2631 0.998239
2632 0.998766
2633 0.999367
2634 1.000029
2635 1.000744
2636 1.001500
2637 1.002290
2638 1.003105
2639 1.003933
2640 1.004770
2641 1.005604
2642 1.006431
2643 1.007241
2644 1.008032
2645 1.008794
2646 1.009523
2647 1.010215
2648 1.010864
2649 1.011468
2650 1.012022
2651 1.012522
2652 1.012968
2653 1.013356
2654 1.013685
2655 1.013955
2656 1.014164
2657 1.014314
2658 1.014405
2659 1.014438
2660 1.014416
2661 1.014341
2662 1.014217
2663 1.014048
2664 1.013837
2665 1.013590
2666 1.013310
2667 1.013004
2668 1.012676
2669 1.012332
2670 1.011976
2671 1.011613
2672 1.011249
2673 1.010887
2674 1.010531
2675 1.010185
2676 1.009853
2677 1.009534
2678 1.009233
2679 1.008950
2680 1.008684
2681 1.008436
2682 1.008203
2683 1.007985
2684 1.007777
2685 1.007578
2686 1.007381
2687 1.007184
2688 1.006980
2689 1.006763
2690 1.006528
2691 1.006268
2692 1.005975
2693 1.005646
2694 1.005269
2695 1.004842
2696 1.004355
2697 1.003804
2698 1.003183
2699 1.002486
2700 1.001709
2701 1.000848
2702 0.999901
2703 0.998865
2704 0.997739
2705 0.996523
2706 0.995219
2707 0.993828
2708 0.992354
2709 0.990800
2710 0.989173
2711 0.987480
2712 0.985727
2713 0.983923
2714 0.982079
2715 0.980205
2716 0.978313
2717 0.976414
2718 0.974520
2719 0.972646
2720 0.970803
2721 0.969004
2722 0.967263
2723 0.965591
2724 0.964000
2725 0.962500
2726 0.961101
2727 0.959813
2728 0.958641
2729 0.957594
2730 0.956675
2731 0.955889
2732 0.955239
2733 0.954727
2734 0.954353
2735 0.954118
2736 0.954022
2737 0.954061
2738 0.954234
2739 0.954540
2740 0.954976
2741 0.955536
2742 0.956219
2743 0.957020
2744 0.957935
2745 0.958961
2746 0.960093
2747 0.961326
2748 0.962656
2749 0.964079
2750 0.965590
2751 0.967186
2752 0.968861
2753 0.970609
2754 0.972428
2755 0.974312
2756 0.976257
2757 0.978256
2758 0.980305
2759 0.982397
2760 0.984527
2761 0.986689
2762 0.988875
2763 0.991078
2764 0.993292
2765 0.995508
2766 0.997719
2767 0.999917
2768 1.002094
2769 1.004242
2770 1.006353
2771 1.008419
2772 1.010435
2773 1.012391
2774 1.014283
2775 1.016104
2776 1.017848
2777 1.019512
2778 1.021092
2779 1.022584
2780 1.023986
2781 1.025297
2782 1.026515
2783 1.027639
2784 1.028671
2785 1.029612
2786 1.030463
2787 1.031225
2788 1.031902
2789 1.032496
2790 1.033009
2791 1.033444
2792 1.033805
2793 1.034096
2794 1.034316
2795 1.034471
2796 1.034563
2797 1.034593
2798 1.034564
2799 1.034475
2800 1.034328
2801 1.034124
2802 1.033862
2803 1.033540
2804 1.033158
2805 1.032712
2806 1.032203
2807 1.031626
2808 1.030979
2809 1.030258
2810 1.029459
2811 1.028580
2812 1.027616
2813 1.026563
2814 1.025419
2815 1.024180
2816 1.022843
2817 1.021406
2818 1.019867
2819 1.018224
2820 1.016476
2821 1.014623
2822 1.012665
2823 1.010605
2824 1.008442
2825 1.006181
2826 1.003825
2827 1.001377
2828 0.998844
2829 0.996231
2830 0.993544
2831 0.990790
2832 0.987978
2833 0.985116
2834 0.982213
2835 0.979277
2836 0.976318
2837 0.973347
2838 0.970374
2839 0.967409
2840 0.964461
2841 0.961543
2842 0.958664
2843 0.955834
2844 0.953066
2845 0.950367
2846 0.947748
2847 0.945220
2848 0.942793
2849 0.940476
2850 0.938277
2851 0.936206
2852 0.934270
2853 0.932476
2854 0.930833
2855 0.929344
2856 0.928015
2857 0.926851
2858 0.925851
2859 0.925020
2860 0.924355
2861 0.923855
2862 0.923517
2863 0.923336
2864 0.923306
2865 0.923420
2866 0.923667
2867 0.924039
2868 0.924523
2869 0.925109
2870 0.925783
2871 0.926530
2872 0.927338
2873 0.928193
2874 0.929080
2875 0.929986
2876 0.930898
2877 0.931803
2878 0.932690
2879 0.933548
2880 0.934366
2881 0.935137
2882 0.935854
2883 0.936511
2884 0.937104
2885 0.937631
2886 0.938090
2887 0.938482
2888 0.938811
2889 0.939079
2890 0.939292
2891 0.939457
2892 0.939582
2893 0.939676
2894 0.939750
2895 0.939814
2896 0.939879
2897 0.939957
2898 0.940059
2899 0.940197
2900 0.940380
2901 0.940618
2902 0.940922
2903 0.941298
2904 0.941753
2905 0.942292
2906 0.942921
2907 0.943641
2908 0.944455
2909 0.945364
2910 0.946366
2911 0.947462
2912 0.948650
2913 0.949927
2914 0.951289
2915 0.952734
2916 0.954256
2917 0.955852
2918 0.957518
2919 0.959248
2920 0.961036
2921 0.962876
2922 0.964764
2923 0.966690
2924 0.968649
2925 0.970633
2926 0.972635
2927 0.974646
2928 0.976658
2929 0.978661
2930 0.980648
2931 0.982609
2932 0.984535
2933 0.986418
2934 0.988249
2935 0.990019
2936 0.991721
2937 0.993348
2938 0.994894
2939 0.996352
2940 0.997719
2941 0.998990
2942 1.000164
2943 1.001238
2944 1.002212
2945 1.003089
2946 1.003870
2947 1.004556
2948 1.005155
2949 1.005669
2950 1.006107
2951 1.006475
2952 1.006780
2953 1.007030
2954 1.007235
2955 1.007402
2956 1.007541
2957 1.007660
2958 1.007768
2959 1.007874
2960 1.007983
2961 1.008105
2962 1.008245
2963 1.008407
2964 1.008598
2965 1.008821
2966 1.009077
2967 1.009370
2968 1.009699
2969 1.010063
2970 1.010461
2971 1.010891
2972 1.011348
2973 1.011827
2974 1.012323
2975 1.012829
2976 1.013338
2977 1.013842
2978 1.014331
2979 1.014797
2980 1.015230
2981 1.015621
2982 1.015960
2983 1.016236
2984 1.016442
2985 1.016567
2986 1.016603
2987 1.016542
2988 1.016379
2989 1.016105
2990 1.015716
2991 1.015208
2992 1.014578
2993 1.013823
2994 1.012941
2995 1.011935
2996 1.010803
2997 1.009548
2998 1.008174
2999 1.006682
3000 1.005078
3001 1.003368
3002 1.001556
3003 0.999649
3004 0.997655
3005 0.995579
3006 0.993433
3007 0.991223
3008 0.988957
3009 0.986647
3010 0.984302
3011 0.981932
3012 0.979550
3013 0.977165
3014 0.974788
3015 0.972434
3016 0.970114
3017 0.967838
3018 0.965620
3019 0.963472
3020 0.961405
3021 0.959431
3022 0.957558
3023 0.955798
3024 0.954159
3025 0.952647
3026 0.951269
3027 0.950030
3028 0.948931
3029 0.947974
3030 0.947161
3031 0.946489
3032 0.945954
3033 0.945555
3034 0.945283
3035 0.945133
3036 0.945098
3037 0.945171
3038 0.945343
3039 0.945607
3040 0.945954
3041 0.946376
3042 0.946868
3043 0.947423
3044 0.948035
3045 0.948701
3046 0.949415
3047 0.950175
3048 0.950981
3049 0.951830
3050 0.952722
3051 0.953658
3052 0.954638
3053 0.955662
3054 0.956732
3055 0.957848
3056 0.959010
3057 0.960218
3058 0.961472
3059 0.962769
3060 0.964110
3061 0.965491
3062 0.966909
3063 0.968362
3064 0.969845
3065 0.971355
3066 0.972888
3067 0.974438
3068 0.976003
3069 0.977575
3070 0.979152
3071 0.980728
3072 0.982299
3073 0.983860
3074 0.985406
3075 0.986932
3076 0.988434
3077 0.989907
3078 0.991347
3079 0.992752
3080 0.994118
3081 0.995442
3082 0.996726
3083 0.997969
3084 0.999174
3085 1.000344
3086 1.001485
3087 1.002603
3088 1.003706
3089 1.004804
3090 1.005904
3091 1.007018
3092 1.008154
3093 1.009320
3094 1.010523
3095 1.011765
3096 1.013050
3097 1.014375
3098 1.015736
3099 1.017125
3100 1.018532
3101 1.019943
3102 1.021343
3103 1.022717
3104 1.024045
3105 1.025309
3106 1.026493
3107 1.027578
3108 1.028549
3109 1.029393
3110 1.030098
3111 1.030654
3112 1.031055
3113 1.031297
3114 1.031379
3115 1.031301
3116 1.031067
3117 1.030683
3118 1.030158
3119 1.029504
3120 1.028732
3121 1.027856
3122 1.026892
3123 1.025856
3124 1.024766
3125 1.023640
3126 1.022494
3127 1.021346
3128 1.020214
3129 1.019112
3130 1.018054
3131 1.017053
3132 1.016120
3133 1.015262
3134 1.014488
3135 1.013800
3136 1.013199
3137 1.012688
3138 1.012263
3139 1.011921
3140 1.011656
3141 1.011461
3142 1.011330
3143 1.011253
3144 1.011223
3145 1.011231
3146 1.011267
3147 1.011325
3148 1.011397
3149 1.011477
3150 1.011558
3151 1.011638
3152 1.011713
3153 1.011782
3154 1.011842
3155 1.011895
3156 1.011943
3157 1.011987
3158 1.012031
3159 1.012078
3160 1.012131
3161 1.012197
3162 1.012276
3163 1.012374
3164 1.012495
3165 1.012641
3166 1.012815
3167 1.013017
3168 1.013251
3169 1.013514
3170 1.013808
3171 1.014131
3172 1.014480
3173 1.014854
3174 1.015248
3175 1.015660
3176 1.016086
3177 1.016523
3178 1.016966
3179 1.017412
3180 1.017858
3181 1.018299
3182 1.018734
3183 1.019159
3184 1.019573
3185 1.019975
3186 1.020363
3187 1.020737
3188 1.021097
3189 1.021444
3190 1.021779
3191 1.022103
3192 1.022419
3193 1.022729
3194 1.023035
3195 1.023340
3196 1.023648
3197 1.023961
3198 1.024282
3199 1.024616
3200 1.024964
3201 1.025331
3202 1.025718
3203 1.026129
3204 1.026565
3205 1.027031
3206 1.027525
3207 1.028051
3208 1.028609
3209 1.029199
3210 1.029822
3211 1.030477
3212 1.031163
3213 1.031880
3214 1.032624
3215 1.033395
3216 1.034188
3217 1.035003
3218 1.035833
3219 1.036678
3220 1.037532
3221 1.038392
3222 1.039253
3223 1.040110
3224 1.040959
3225 1.041796
3226 1.042616
3227 1.043414
3228 1.044186
3229 1.044925
3230 1.045629
3231 1.046292
3232 1.046911
3233 1.047479
3234 1.047992
3235 1.048446
3236 1.048837
3237 1.049160
3238 1.049410
3239 1.049583
3240 1.049675
3241 1.049679
3242 1.049594
3243 1.049415
3244 1.049136
3245 1.048756
3246 1.048269
3247 1.047674
3248 1.046966
3249 1.046144
3250 1.045206
3251 1.044151
3252 1.042977
3253 1.041686
3254 1.040277
3255 1.038754
3256 1.037119
3257 1.035375
3258 1.033526
3259 1.031578
3260 1.029538
3261 1.027413
3262 1.025210
3263 1.022939
3264 1.020612
3265 1.018236
3266 1.015825
3267 1.013389
3268 1.010943
3269 1.008498
3270 1.006066
3271 1.003660
3272 1.001294
3273 0.998979
3274 0.996726
3275 0.994547
3276 0.992452
3277 0.990451
3278 0.988551
3279 0.986760
3280 0.985084
3281 0.983528
3282 0.982094
3283 0.980787
3284 0.979606
3285 0.978553
3286 0.977625
3287 0.976821
3288 0.976139
3289 0.975575
3290 0.975123
3291 0.974780
3292 0.974539
3293 0.974396
3294 0.974343
3295 0.974373
3296 0.974480
3297 0.974657
3298 0.974897
3299 0.975193
3300 0.975537
3301 0.975922
3302 0.976341
3303 0.976787
3304 0.977254
3305 0.977734
3306 0.978221
3307 0.978709
3308 0.979193
3309 0.979666
3310 0.980124
3311 0.980563
3312 0.980978
3313 0.981366
3314 0.981722
3315 0.982048
3316 0.982338
3317 0.982593
3318 0.982812
3319 0.982995
3320 0.983143
3321 0.983257
3322 0.983341
3323 0.983396
3324 0.983426
3325 0.983434
3326 0.983426
3327 0.983405
3328 0.983379
3329 0.983353
3330 0.983331
3331 0.983320
3332 0.983328
3333 0.983359
3334 0.983421
3335 0.983520
3336 0.983659
3337 0.983848
3338 0.984089
3339 0.984387
3340 0.984746
3341 0.985170
3342 0.985663
3343 0.986224
3344 0.986856
3345 0.987562
3346 0.988338
3347 0.989186
3348 0.990104
3349 0.991089
3350 0.992139
3351 0.993251
3352 0.994421
3353 0.995644
3354 0.996917
3355 0.998234
3356 0.999590
3357 1.000980
3358 1.002401
3359 1.003847
3360 1.005311
3361 1.006792
3362 1.008285
3363 1.009786
3364 1.011293
3365 1.012803
3366 1.014312
3367 1.015820
3368 1.017326
3369 1.018829
3370 1.020326
3371 1.021821
3372 1.023309
3373 1.024794
3374 1.026275
3375 1.027751
3376 1.029223
3377 1.030691
3378 1.032153
3379 1.033611
3380 1.035061
3381 1.036505
3382 1.037937
3383 1.039359
3384 1.040766
3385 1.042157
3386 1.043527
3387 1.044874
3388 1.046193
3389 1.047482
3390 1.048735
3391 1.049949
3392 1.051120
3393 1.052242
3394 1.053312
3395 1.054324
3396 1.055274
3397 1.056157
3398 1.056970
3399 1.057707
3400 1.058365
3401 1.058937
3402 1.059421
3403 1.059813
3404 1.060108
3405 1.060302
3406 1.060391
3407 1.060372
3408 1.060243
3409 1.059998
3410 1.059638
3411 1.059158
3412 1.058558
3413 1.057836
3414 1.056990
3415 1.056023
3416 1.054933
3417 1.053721
3418 1.052390
3419 1.050943
3420 1.049381
3421 1.047710
3422 1.045933
3423 1.044059
3424 1.042089
3425 1.040033
3426 1.037898
3427 1.035692
3428 1.033423
3429 1.031101
3430 1.028734
3431 1.026334
3432 1.023911
3433 1.021477
3434 1.019041
3435 1.016617
3436 1.014216
3437 1.011851
3438 1.009534
3439 1.007280
3440 1.005100
3441 1.003009
3442 1.001021
3443 0.999148
3444 0.997407
3445 0.995809
3446 0.994368
3447 0.993099
3448 0.992010
3449 0.991115
3450 0.990422
3451 0.989940
3452 0.989674
3453 0.989629
3454 0.989804
3455 0.990200
3456 0.990811
3457 0.991633
3458 0.992655
3459 0.993867
3460 0.995254
3461 0.996801
3462 0.998490
3463 1.000302
3464 1.002217
3465 1.004216
3466 1.006276
3467 1.008378
3468 1.010501
3469 1.012625
3470 1.014732
3471 1.016801
3472 1.018817
3473 1.020763
3474 1.022625
3475 1.024389
3476 1.026041
3477 1.027572
3478 1.028970
3479 1.030230
3480 1.031340
3481 1.032299
3482 1.033100
3483 1.033740
3484 1.034218
3485 1.034533
3486 1.034687
3487 1.034679
3488 1.034515
3489 1.034199
3490 1.033735
3491 1.033130
3492 1.032391
3493 1.031526
3494 1.030542
3495 1.029449
3496 1.028255
3497 1.026970
3498 1.025603
3499 1.024160
3500 1.022651
3501 1.021084
3502 1.019465
3503 1.017801
3504 1.016095
3505 1.014353
3506 1.012576
3507 1.010769
3508 1.008931
3509 1.007063
3510 1.005165
3511 1.003235
3512 1.001272
3513 0.999275
3514 0.997241
3515 0.995170
3516 0.993059
3517 0.990906
3518 0.988713
3519 0.986479
3520 0.984206
3521 0.981895
3522 0.979550
3523 0.977176
3524 0.974778
3525 0.972363
3526 0.969939
3527 0.967516
3528 0.965105
3529 0.962714
3530 0.960358
3531 0.958047
3532 0.955796
3533 0.953615
3534 0.951516
3535 0.949511
3536 0.947611
3537 0.945823
3538 0.944156
3539 0.942615
3540 0.941204
3541 0.939924
3542 0.938776
3543 0.937755
3544 0.936861
3545 0.936084
3546 0.935419
3547 0.934857
3548 0.934390
3549 0.934005
3550 0.933696
3551 0.933452
3552 0.933265
3553 0.933127
3554 0.933032
3555 0.932976
3556 0.932954
3557 0.932965
3558 0.933010
3559 0.933090
3560 0.933207
3561 0.933366
3562 0.933572
3563 0.933829
3564 0.934143
3565 0.934519
3566 0.934961
3567 0.935473
3568 0.936056
3569 0.936710
3570 0.937436
3571 0.938228
3572 0.939086
3573 0.940000
3574 0.940966
3575 0.941974
3576 0.943016
3577 0.944083
3578 0.945165
3579 0.946252
3580 0.947334
3581 0.948404
3582 0.949453
3583 0.950474
3584 0.951459
3585 0.952403
3586 0.953302
3587 0.954152
3588 0.954950
3589 0.955694
3590 0.956384
3591 0.957020
3592 0.957603
3593 0.958134
3594 0.958618
3595 0.959057
3596 0.959455
3597 0.959817
3598 0.960151
3599 0.960461
3600 0.960756
3601 0.961041
3602 0.961327
3603 0.961621
3604 0.961934
3605 0.962273
3606 0.962648
3607 0.963068
3608 0.963543
3609 0.964082
3610 0.964693
3611 0.965385
3612 0.966166
3613 0.967042
3614 0.968019
3615 0.969104
3616 0.970299
3617 0.971610
3618 0.973037
3619 0.974582
3620 0.976245
3621 0.978024
3622 0.979918
3623 0.981923
3624 0.984032
3625 0.986243
3626 0.988547
3627 0.990937
3628 0.993405
3629 0.995941
3630 0.998535
3631 1.001178
3632 1.003856
3633 1.006561
3634 1.009280
3635 1.012002
3636 1.014714
3637 1.017405
3638 1.020064
3639 1.022679
3640 1.025241
3641 1.027739
3642 1.030164
3643 1.032507
3644 1.034759
3645 1.036915
3646 1.038966
3647 1.040908
3648 1.042736
3649 1.044447
3650 1.046035
3651 1.047500
3652 1.048838
3653 1.050050
3654 1.051132
3655 1.052088
3656 1.052914
3657 1.053613
3658 1.054184
3659 1.054630
3660 1.054952
3661 1.055151
3662 1.055228
3663 1.055187
3664 1.055030
3665 1.054758
3666 1.054375
3667 1.053883
3668 1.053287
3669 1.052589
3670 1.051794
3671 1.050905
3672 1.049928
3673 1.048867
3674 1.047728
3675 1.046515
3676 1.045235
3677 1.043894
3678 1.042499
3679 1.041056
3680 1.039571
3681 1.038051
3682 1.036504
3683 1.034937
3684 1.033355
3685 1.031768
3686 1.030180
3687 1.028598
3688 1.027030
3689 1.025482
3690 1.023960
3691 1.022469
3692 1.021016
3693 1.019607
3694 1.018247
3695 1.016940
3696 1.015694
3697 1.014512
3698 1.013400
3699 1.012363
3700 1.011406
3701 1.010533
3702 1.009749
3703 1.009058
3704 1.008464
3705 1.007971
3706 1.007581
3707 1.007296
3708 1.007119
3709 1.007049
3710 1.007085
3711 1.007228
3712 1.007472
3713 1.007815
3714 1.008250
3715 1.008772
3716 1.009373
3717 1.010045
3718 1.010777
3719 1.011560
3720 1.012383
3721 1.013233
3722 1.014103
3723 1.014977
3724 1.015848
3725 1.016702
3726 1.017531
3727 1.018324
3728 1.019073
3729 1.019770
3730 1.020407
3731 1.020979
3732 1.021479
3733 1.021903
3734 1.022249
3735 1.022512
3736 1.022692
3737 1.022787
3738 1.022798
3739 1.022726
3740 1.022573
3741 1.022340
3742 1.022034
3743 1.021658
3744 1.021218
3745 1.020721
3746 1.020173
3747 1.019583
3748 1.018959
3749 1.018310
3750 1.017646
3751 1.016977
3752 1.016313
3753 1.015662
3754 1.015036
3755 1.014443
3756 1.013891
3757 1.013390
3758 1.012944
3759 1.012560
3760 1.012243
3761 1.011998
3762 1.011826
3763 1.011729
3764 1.011708
3765 1.011762
3766 1.011892
3767 1.012094
3768 1.012366
3769 1.012704
3770 1.013106
3771 1.013566
3772 1.014079
3773 1.014641
3774 1.015247
3775 1.015890
3776 1.016565
3777 1.017267
3778 1.017989
3779 1.018725
3780 1.019469
3781 1.020215
3782 1.020957
3783 1.021691
3784 1.022410
3785 1.023109
3786 1.023784
3787 1.024430
3788 1.025044
3789 1.025623
3790 1.026164
3791 1.026664
3792 1.027124
3793 1.027542
3794 1.027917
3795 1.028250
3796 1.028543
3797 1.028797
3798 1.029014
3799 1.029196
3800 1.029346
3801 1.029467
3802 1.029564
3803 1.029637
3804 1.029692
3805 1.029731
3806 1.029758
3807 1.029774
3808 1.029783
3809 1.029788
3810 1.029789
3811 1.029789
3812 1.029789
3813 1.029790
3814 1.029793
3815 1.029797
3816 1.029805
3817 1.029815
3818 1.029828
3819 1.029844
3820 1.029863
3821 1.029884
3822 1.029909
3823 1.029936
3824 1.029968
3825 1.030003
3826 1.030043
3827 1.030088
3828 1.030138
3829 1.030196
3830 1.030262
3831 1.030336
3832 1.030421
3833 1.030517
3834 1.030625
3835 1.030747
3836 1.030882
3837 1.031034
3838 1.031201
3839 1.031386
3840 1.031589
3841 1.031809
3842 1.032047
3843 1.032303
3844 1.032577
3845 1.032867
3846 1.033173
3847 1.033494
3848 1.033828
3849 1.034172
3850 1.034527
3851 1.034887
3852 1.035251
3853 1.035615
3854 1.035976
3855 1.036330
3856 1.036672
3857 1.036997
3858 1.037302
3859 1.037581
3860 1.037828
3861 1.038037
3862 1.038203
3863 1.038318
3864 1.038377
3865 1.038374
3866 1.038300
3867 1.038152
3868 1.037920
3869 1.037600
3870 1.037186
3871 1.036672
3872 1.036054
3873 1.035328
3874 1.034490
3875 1.033537
3876 1.032471
3877 1.031287
3878 1.029988
3879 1.028575
3880 1.027053
3881 1.025425
3882 1.023697
3883 1.021876
3884 1.019970
3885 1.017988
3886 1.015941
3887 1.013841
3888 1.011699
3889 1.009529
3890 1.007344
3891 1.005158
3892 1.002985
3893 1.000839
3894 0.998731
3895 0.996677
3896 0.994686
3897 0.992770
3898 0.990938
3899 0.989198
3900 0.987556
3901 0.986019
3902 0.984590
3903 0.983271
3904 0.982064
3905 0.980968
3906 0.979981
3907 0.979103
3908 0.978329
3909 0.977656
3910 0.977081
3911 0.976598
3912 0.976203
3913 0.975891
3914 0.975658
3915 0.975497
3916 0.975404
3917 0.975372
3918 0.975398
3919 0.975474
3920 0.975594
3921 0.975752
3922 0.975939
3923 0.976151
3924 0.976380
3925 0.976616
3926 0.976854
3927 0.977083
3928 0.977296
3929 0.977485
3930 0.977642
3931 0.977760
3932 0.977831
3933 0.977848
3934 0.977805
3935 0.977699
3936 0.977524
3937 0.977276
3938 0.976955
3939 0.976557
3940 0.976082
3941 0.975530
3942 0.974904
3943 0.974202
3944 0.973429
3945 0.972587
3946 0.971677
3947 0.970704
3948 0.969672
3949 0.968581
3950 0.967437
3951 0.966242
3952 0.965000
3953 0.963713
3954 0.962385
3955 0.961020
3956 0.959619
3957 0.958190
3958 0.956735
3959 0.955260
3960 0.953771
3961 0.952276
3962 0.950782
3963 0.949299
3964 0.947837
3965 0.946407
3966 0.945021
3967 0.943692
3968 0.942433
3969 0.941256
3970 0.940175
3971 0.939203
3972 0.938351
3973 0.937630
3974 0.937048
3975 0.936612
3976 0.936329
3977 0.936199
3978 0.936227
3979 0.936407
3980 0.936738
3981 0.937214
3982 0.937827
3983 0.938568
3984 0.939427
3985 0.940393
3986 0.941455
3987 0.942600
3988 0.943817
3989 0.945094
3990 0.946420
3991 0.947785
3992 0.949178
3993 0.950588
3994 0.952010
3995 0.953433
3996 0.954852
3997 0.956258
3998 0.957645
3999 0.959010
4000 0.960345
4001 0.961647
4002 0.962910
4003 0.964129
4004 0.965302
4005 0.966425
4006 0.967493
4007 0.968503
4008 0.969453
4009 0.970338
4010 0.971157
4011 0.971907
4012 0.972585
4013 0.973191
4014 0.973722
4015 0.974178
4016 0.974557
4017 0.974859
4018 0.975085
4019 0.975236
4020 0.975312
4021 0.975315
4022 0.975248
4023 0.975114
4024 0.974915
4025 0.974656
4026 0.974340
4027 0.973974
4028 0.973559
4029 0.973102
4030 0.972609
4031 0.972085
4032 0.971534
4033 0.970963
4034 0.970373
4035 0.969773
4036 0.969165
4037 0.968553
4038 0.967939
4039 0.967327
4040 0.966718
4041 0.966113
4042 0.965512
4043 0.964917
4044 0.964327
4045 0.963740
4046 0.963156
4047 0.962573
4048 0.961991
4049 0.961408
4050 0.960822
4051 0.960235
4052 0.959646
4053 0.959056
4054 0.958466
4055 0.957879
4056 0.957298
4057 0.956728
4058 0.956173
4059 0.955639
4060 0.955131
4061 0.954657
4062 0.954221
4063 0.953831
4064 0.953493
4065 0.953210
4066 0.952988
4067 0.952831
4068 0.952740
4069 0.952717
4070 0.952763
4071 0.952879
4072 0.953063
4073 0.953312
4074 0.953626
4075 0.954003
4076 0.954439
4077 0.954933
4078 0.955481
4079 0.956083
4080 0.956735
4081 0.957438
4082 0.958190
4083 0.958989
4084 0.959835
4085 0.960726
4086 0.961663
4087 0.962643
4088 0.963666
4089 0.964729
4090 0.965832
4091 0.966972
4092 0.968146
4093 0.969351
4094 0.970585
4095 0.971844
4096 0.973125
4097 0.974423
4098 0.975736
4099 0.977058
4100 0.978385
4101 0.979716
4102 0.981044
4103 0.982368
4104 0.983683
4105 0.984987
4106 0.986276
4107 0.987548
4108 0.988800
4109 0.990031
4110 0.991237
4111 0.992417
4112 0.993572
4113 0.994697
4114 0.995793
4115 0.996860
4116 0.997895
4117 0.998901
4118 0.999876
4119 1.000821
4120 1.001738
4121 1.002626
4122 1.003489
4123 1.004327
4124 1.005142
4125 1.005938
4126 1.006715
4127 1.007478
4128 1.008228
4129 1.008970
4130 1.009706
4131 1.010437
4132 1.011168
4133 1.011901
4134 1.012637
4135 1.013378
4136 1.014126
4137 1.014882
4138 1.015645
4139 1.016414
4140 1.017191
4141 1.017972
4142 1.018757
4143 1.019541
4144 1.020322
4145 1.021098
4146 1.021862
4147 1.022613
4148 1.023347
4149 1.024058
4150 1.024743
4151 1.025397
4152 1.026018
4153 1.026602
4154 1.027145
4155 1.027645
4156 1.028099
4157 1.028507
4158 1.028866
4159 1.029176
4160 1.029437
4161 1.029649
4162 1.029813
4163 1.029930
4164 1.030002
4165 1.030030
4166 1.030016
4167 1.029963
4168 1.029872
4169 1.029747
4170 1.029590
4171 1.029403
4172 1.029188
4173 1.028948
4174 1.028684
4175 1.028397
4176 1.028088
4177 1.027759
4178 1.027410
4179 1.027040
4180 1.026649
4181 1.026237
4182 1.025802
4183 1.025343
4184 1.024857
4185 1.024345
4186 1.023803
4187 1.023228
4188 1.022621
4189 1.021978
4190 1.021297
4191 1.020578
4192 1.019819
4193 1.019017
4194 1.018175
4195 1.017289
4196 1.016361
4197 1.015390
4198 1.014378
4199 1.013325
4200 1.012234
4201 1.011105
4202 1.009942
4203 1.008748
4204 1.007524
4205 1.006275
4206 1.005006
4207 1.003721
4208 1.002423
4209 1.001120
4210 0.999815
4211 0.998515
4212 0.997224
4213 0.995951
4214 0.994699
4215 0.993477
4216 0.992289
4217 0.991140
4218 0.990036
4219 0.988981
4220 0.987980
4221 0.987036
4222 0.986150
4223 0.985324
4224 0.984560
4225 0.983854
4226 0.983208
4227 0.982617
4228 0.982079
4229 0.981589
4230 0.981141
4231 0.980733
4232 0.980354
4233 0.980003
4234 0.979670
4235 0.979350
4236 0.979037
4237 0.978726
4238 0.978410
4239 0.978087
4240 0.977752
4241 0.977403
4242 0.977035
4243 0.976649
4244 0.976245
4245 0.975821
4246 0.975379
4247 0.974921
4248 0.974447
4249 0.973962
4250 0.973465
4251 0.972963
4252 0.972458
4253 0.971952
4254 0.971449
4255 0.970953
4256 0.970466
4257 0.969990
4258 0.969528
4259 0.969082
4260 0.968652
4261 0.968239
4262 0.967844
4263 0.967467
4264 0.967107
4265 0.966761
4266 0.966431
4267 0.966113
4268 0.965804
4269 0.965503
4270 0.965209
4271 0.964918
4272 0.964629
4273 0.964339
4274 0.964047
4275 0.963752
4276 0.963452
4277 0.963147
4278 0.962836
4279 0.962520
4280 0.962199
4281 0.961874
4282 0.961546
4283 0.961215
4284 0.960884
4285 0.960554
4286 0.960227
4287 0.959905
4288 0.959588
4289 0.959278
4290 0.958979
4291 0.958693
4292 0.958421
4293 0.958167
4294 0.957933
4295 0.957723
4296 0.957542
4297 0.957395
4298 0.957286
4299 0.957220
4300 0.957206
4301 0.957250
4302 0.957361
4303 0.957544
4304 0.957811
4305 0.958167
4306 0.958625
4307 0.959190
4308 0.959872
4309 0.960678
4310 0.961616
4311 0.962691
4312 0.963908
4313 0.965272
4314 0.966783
4315 0.968445
4316 0.970254
4317 0.972211
4318 0.974309
4319 0.976544
4320 0.978911
4321 0.981399
4322 0.984001
4323 0.986706
4324 0.989503
4325 0.992381
4326 0.995329
4327 0.998334
4328 1.001383
4329 1.004465
4330 1.007566
4331 1.010675
4332 1.013779
4333 1.016866
4334 1.019925
4335 1.022943
4336 1.025909
4337 1.028811
4338 1.031640
4339 1.034381
4340 1.037025
4341 1.039563
4342 1.041983
4343 1.044275
4344 1.046430
4345 1.048439
4346 1.050293
4347 1.051985
4348 1.053507
4349 1.054853
4350 1.056019
4351 1.056998
4352 1.057788
4353 1.058384
4354 1.058787
4355 1.058995
4356 1.059007
4357 1.058824
4358 1.058448
4359 1.057883
4360 1.057131
4361 1.056195
4362 1.055082
4363 1.053796
4364 1.052343
4365 1.050730
4366 1.048965
4367 1.047056
4368 1.045010
4369 1.042836
4370 1.040545
4371 1.038144
4372 1.035647
4373 1.033059
4374 1.030395
4375 1.027664
4376 1.024876
4377 1.022044
4378 1.019177
4379 1.016288
4380 1.013387
4381 1.010485
4382 1.007593
4383 1.004722
4384 1.001881
4385 0.999082
4386 0.996333
4387 0.993644
4388 0.991023
4389 0.988480
4390 0.986022
4391 0.983657
4392 0.981391
4393 0.979231
4394 0.977183
4395 0.975252
4396 0.973442
4397 0.971755
4398 0.970197
4399 0.968768
4400 0.967471
4401 0.966308
4402 0.965277
4403 0.964379
4404 0.963614
4405 0.962978
4406 0.962472
4407 0.962092
4408 0.961835
4409 0.961698
4410 0.961680
4411 0.961773
4412 0.961976
4413 0.962284
4414 0.962693
4415 0.963200
4416 0.963801
4417 0.964493
4418 0.965275
4419 0.966142
4420 0.967095
4421 0.968133
4422 0.969255
4423 0.970462
4424 0.971755
4425 0.973137
4426 0.974610
4427 0.976176
4428 0.977840
4429 0.979605
4430 0.981473
4431 0.983450
4432 0.985536
4433 0.987736
4434 0.990050
4435 0.992479
4436 0.995024
4437 0.997684
4438 1.000454
4439 1.003332
4440 1.006313
4441 1.009391
4442 1.012557
4443 1.015803
4444 1.019119
4445 1.022492
4446 1.025912
4447 1.029364
4448 1.032834
4449 1.036307
4450 1.039768
4451 1.043200
4452 1.046587
4453 1.049914
4454 1.053163
4455 1.056319
4456 1.059367
4457 1.062290
4458 1.065076
4459 1.067711
4460 1.070184
4461 1.072483
4462 1.074601
4463 1.076527
4464 1.078258
4465 1.079788
4466 1.081115
4467 1.082238
4468 1.083156
4469 1.083873
4470 1.084391
4471 1.084716
4472 1.084853
4473 1.084809
4474 1.084591
4475 1.084207
4476 1.083664
4477 1.082973
4478 1.082139
4479 1.081170
4480 1.080074
4481 1.078856
4482 1.077522
4483 1.076077
4484 1.074526
4485 1.072871
4486 1.071117
4487 1.069264
4488 1.067317
4489 1.065277
4490 1.063146
4491 1.060928
4492 1.058627
4493 1.056245
4494 1.053788
4495 1.051261
4496 1.048671
4497 1.046024
4498 1.043330
4499 1.040597
4500 1.037836
4501 1.035056
4502 1.032270
4503 1.029488
4504 1.026725
4505 1.023991
4506 1.021300
4507 1.018665
4508 1.016097
4509 1.013609
4510 1.011214
4511 1.008922
4512 1.006744
4513 1.004691
4514 1.002771
4515 1.000994
4516 0.999367
4517 0.997897
4518 0.996589
4519 0.995447
4520 0.994476
4521 0.993676
4522 0.993048
4523 0.992594
4524 0.992307
4525 0.992188
4526 0.992230
4527 0.992427
4528 0.992772
4529 0.993256
4530 0.993870
4531 0.994602
4532 0.995442
4533 0.996379
4534 0.997399
4535 0.998490
4536 0.999640
4537 1.000837
4538 1.002069
4539 1.003324
4540 1.004591
4541 1.005862
4542 1.007127
4543 1.008379
4544 1.009610
4545 1.010816
4546 1.011991
4547 1.013134
4548 1.014240
4549 1.015310
4550 1.016344
4551 1.017343
4552 1.018309
4553 1.019243
4554 1.020151
4555 1.021035
4556 1.021900
4557 1.022751
4558 1.023591
4559 1.024426
4560 1.025261
4561 1.026100
4562 1.026947
4563 1.027805
4564 1.028678
4565 1.029568
4566 1.030477
4567 1.031406
4568 1.032357
4569 1.033328
4570 1.034319
4571 1.035327
4572 1.036351
4573 1.037387
4574 1.038432
4575 1.039479
4576 1.040525
4577 1.041562
4578 1.042586
4579 1.043587
4580 1.044560
4581 1.045496
4582 1.046389
4583 1.047228
4584 1.048007
4585 1.048716
4586 1.049348
4587 1.049895
4588 1.050349
4589 1.050703
4590 1.050950
4591 1.051084
4592 1.051103
4593 1.050999
4594 1.050773
4595 1.050424
4596 1.049949
4597 1.049353
4598 1.048639
4599 1.047813
4600 1.046880
4601 1.045851
4602 1.044733
4603 1.043537
4604 1.042276
4605 1.040960
4606 1.039601
4607 1.038210
4608 1.036795
4609 1.035367
4610 1.033933
4611 1.032497
4612 1.031062
4613 1.029631
4614 1.028202
4615 1.026775
4616 1.025345
4617 1.023908
4618 1.022460
4619 1.020996
4620 1.019511
4621 1.018002
4622 1.016466
4623 1.014900
4624 1.013304
4625 1.011680
4626 1.010028
4627 1.008354
4628 1.006662
4629 1.004957
4630 1.003248
4631 1.001541
4632 0.999845
4633 0.998170
4634 0.996524
4635 0.994916
4636 0.993356
4637 0.991850
4638 0.990410
4639 0.989041
4640 0.987750
4641 0.986546
4642 0.985431
4643 0.984412
4644 0.983493
4645 0.982676
4646 0.981965
4647 0.981360
4648 0.980863
4649 0.980473
4650 0.980191
4651 0.980013
4652 0.979940
4653 0.979968
4654 0.980094
4655 0.980316
4656 0.980628
4657 0.981027
4658 0.981509
4659 0.982068
4660 0.982700
4661 0.983399
4662 0.984160
4663 0.984977
4664 0.985845
4665 0.986758
4666 0.987711
4667 0.988698
4668 0.989715
4669 0.990757
4670 0.991818
4671 0.992895
4672 0.993984
4673 0.995081
4674 0.996185
4675 0.997291
4676 0.998398
4677 0.999503
4678 1.000607
4679 1.001706
4680 1.002801
4681 1.003889
4682 1.004971
4683 1.006045
4684 1.007109
4685 1.008163
4686 1.009205
4687 1.010233
4688 1.011245
4689 1.012239
4690 1.013212
4691 1.014160
4692 1.015084
4693 1.015978
4694 1.016842
4695 1.017673
4696 1.018470
4697 1.019231
4698 1.019956
4699 1.020644
4700 1.021297
4701 1.021914
4702 1.022500
4703 1.023053
4704 1.023577
4705 1.024076
4706 1.024550
4707 1.025003
4708 1.025439
4709 1.025859
4710 1.026265
4711 1.026661
4712 1.027046
4713 1.027423
4714 1.027791
4715 1.028149
4716 1.028499
4717 1.028836
4718 1.029160
4719 1.029468
4720 1.029757
4721 1.030022
4722 1.030262
4723 1.030470
4724 1.030643
4725 1.030779
4726 1.030872
4727 1.030920
4728 1.030919
4729 1.030868
4730 1.030764
4731 1.030607
4732 1.030395
4733 1.030131
4734 1.029814
4735 1.029448
4736 1.029034
4737 1.028578
4738 1.028081
4739 1.027550
4740 1.026989
4741 1.026404
4742 1.025799
4743 1.025181
4744 1.024556
4745 1.023927
4746 1.023301
4747 1.022681
4748 1.022072
4749 1.021477
4750 1.020900
4751 1.020342
4752 1.019806
4753 1.019292
4754 1.018801
4755 1.018334
4756 1.017889
4757 1.017465
4758 1.017060
4759 1.016674
4760 1.016303
4761 1.015945
4762 1.015597
4763 1.015257
4764 1.014921
4765 1.014587
4766 1.014252
4767 1.013911
4768 1.013562
4769 1.013202
4770 1.012825
4771 1.012429
4772 1.012010
4773 1.011565
4774 1.011086
4775 1.010573
4776 1.010019
4777 1.009419
4778 1.008770
4779 1.008066
4780 1.007303
4781 1.006476
4782 1.005580
4783 1.004612
4784 1.003566
4785 1.002441
4786 1.001232
4787 0.999937
4788 0.998554
4789 0.997081
4790 0.995517
4791 0.993862
4792 0.992114
4793 0.990278
4794 0.988351
4795 0.986339
4796 0.984241
4797 0.982061
4798 0.979804
4799 0.977472
4800 0.975071
4801 0.972605
4802 0.970080
4803 0.967502
4804 0.964875
4805 0.962209
4806 0.959509
4807 0.956782
4808 0.954036
4809 0.951280
4810 0.948520
4811 0.945768
4812 0.943030
4813 0.940317
4814 0.937639
4815 0.935005
4816 0.932423
4817 0.929907
4818 0.927463
4819 0.925104
4820 0.922837
4821 0.920672
4822 0.918618
4823 0.916684
4824 0.914876
4825 0.913203
4826 0.911671
4827 0.910284
4828 0.909048
4829 0.907965
4830 0.907040
4831 0.906271
4832 0.905660
4833 0.905206
4834 0.904907
4835 0.904762
4836 0.904766
4837 0.904916
4838 0.905207
4839 0.905634
4840 0.906193
4841 0.906878
4842 0.907684
4843 0.908605
4844 0.909636
4845 0.910774
4846 0.912013
4847 0.913349
4848 0.914778
4849 0.916298
4850 0.917903
4851 0.919591
4852 0.921359
4853 0.923204
4854 0.925123
4855 0.927112
4856 0.929168
4857 0.931286
4858 0.933463
4859 0.935692
4860 0.937970
4861 0.940290
4862 0.942643
4863 0.945024
4864 0.947424
4865 0.949835
4866 0.952248
4867 0.954651
4868 0.957035
4869 0.959390
4870 0.961705
4871 0.963970
4872 0.966172
4873 0.968301
4874 0.970346
4875 0.972298
4876 0.974145
4877 0.975881
4878 0.977494
4879 0.978976
4880 0.980321
4881 0.981522
4882 0.982572
4883 0.983467
4884 0.984203
4885 0.984776
4886 0.985186
4887 0.985429
4888 0.985506
4889 0.985418
4890 0.985166
4891 0.984754
4892 0.984182
4893 0.983457
4894 0.982583
4895 0.981564
4896 0.980407
4897 0.979120
4898 0.977707
4899 0.976175
4900 0.974534
4901 0.972790
4902 0.970949
4903 0.969022
4904 0.967013
4905 0.964931
4906 0.962783
4907 0.960576
4908 0.958317
4909 0.956012
4910 0.953669
4911 0.951295
4912 0.948896
4913 0.946480
4914 0.944056
4915 0.941631
4916 0.939214
4917 0.936816
4918 0.934448
4919 0.932121
4920 0.929849
4921 0.927645
4922 0.925523
4923 0.923499
4924 0.921586
4925 0.919801
4926 0.918158
4927 0.916669
4928 0.915347
4929 0.914202
4930 0.913241
4931 0.912469
4932 0.911890
4933 0.911502
4934 0.911303
4935 0.911287
4936 0.911446
4937 0.911772
4938 0.912254
4939 0.912878
4940 0.913632
4941 0.914504
4942 0.915480
4943 0.916547
4944 0.917694
4945 0.918907
4946 0.920177
4947 0.921491
4948 0.922841
4949 0.924215
4950 0.925605
4951 0.927000
4952 0.928395
4953 0.929780
4954 0.931148
4955 0.932492
4956 0.933807
4957 0.935085
4958 0.936324
4959 0.937518
4960 0.938665
4961 0.939764
4962 0.940810
4963 0.941806
4964 0.942752
4965 0.943648
4966 0.944496
4967 0.945301
4968 0.946067
4969 0.946796
4970 0.947495
4971 0.948170
4972 0.948826
4973 0.949469
4974 0.950107
4975 0.950746
4976 0.951394
4977 0.952056
4978 0.952740
4979 0.953452
4980 0.954198
4981 0.954984
4982 0.955815
4983 0.956694
4984 0.957628
4985 0.958618
4986 0.959669
4987 0.960782
4988 0.961960
4989 0.963204
4990 0.964515
4991 0.965893
4992 0.967339
4993 0.968852
4994 0.970431
4995 0.972073
4996 0.973779
4997 0.975545
4998 0.977368
4999 0.979244
