# T vac
0.000000 0.000000
0.000000 0.000000
646718544450268070000000000000000000000000000000000000000000000000000000000000000000000000000000000000000000000000000000000000000000000000000000000000000000000000000000000000000000.000000 0.000000
0.000000 0.000000
0.000000 0.000000
-14.630470 0.000000
-412762448757696820000000000000000000000000000000000000000000000000000000000000000000000000000000000000000000000000000000000000000000000000000000000000000000000000000000000000000000000000000000000000000000000000000000000000000000000000000000000000000000000000000000000000000000000000000000000000000000.000000 0.000000
0.000000 0.000000
451982801466907750000000000000000000000000000000000000000000000000000000000000000000000000.000000 0.000000
20521312906946401000000000000000000000000000000000000000000000000000000000000000000000000000.000000 0.000000
-0.000000 0.000000
0.000000 0.000000
-0.000000 0.000000
27892250775983279000000000000000000000000000000000000000000000000000000000000000000000000000000000000000000000000000000000000000000000000000000000000000000000000000000000000000000000000000000000000000000000000000000000000000000000000000000000000000000000.000000 0.000000
-51710456695146134000000000000000000000000000000000000000000000000000000000000000000000000000000000000000000.000000 0.000000
0.000000 0.000000
-77570401252893820000000000000000000000000000000000000000000000000000000000000000000000000000000000000000000000000000000000000000000000000000000000000000000000000000.000000 0.000000
0.000000 0.000000
1570381060984229400000000000000000000000000000000000000000000000000000000000000000000000000000000000000000000000000000000000000.000000 0.000000
0.000000 0.000000
-41854475421902506000000000000000000000000000000000000000000000000000000000000000000000000000000000000000000000000000000000000000000000000000000000000000000000000000000000000000000000000000000000000000000000000000000000000000000000000000000000000.000000 0.000000
1174115688839650200000000000000000000000000000000000000000000000000000000000000000000000.000000 0.000000
-0.000000 0.000000
113354687844131640000000000000000000000000000000000.000000 0.000000
3824253190953302100000000000000000000000000000000000000000000000000000000000000000000000000000000000000000000000000000000000000000000000000000000000000000000000000000000000000000000000000000000000000000000000000000000000000000000000000000000000000000000000000.000000 0.000000
-0.000000 0.000000
0.000000 0.000000
-0.000000 0.000000
0.000000 0.000000
0.000000 0.000000
0.000000 0.000000
-0.000000 0.000000
-0.000000 0.000000
-140517953904525670000000000000000000000000000000000000000000000000000000000000000000000000000000000000000000000000000000000000000000000000000000000000000000000000000000000000000000000000000000000000000000000000000000000000000000000000.000000 0.000000
-0.000000 0.000000
7363756372061777800000000000000000000000000000000000000000000000000000000000000000000000000.000000 0.000000
-54907572026491652000000000000000000000000000000000000000000000000000000000000000000000000000000000000000000000000000000000000000000000000000000000000000000000000000000000000000000000000000000000000000000000000000000000000000000000000000000.000000 0.000000
-776976896.000004 0.000000
40533697898257400000000000000000000000000000000000000000000000.000000 0.000000
-0.000000 0.000000
57829364629867552000000000000000000000000000000000000000000000000000000000000000000000000000000000000000000000000000000000000000000000000000000000000000000000000000000000000000000000000000000000000000000000000000000000000000000000000000000000000000000000000000000000000000000.000000 0.000000
0.000000 0.000000
-0.000000 0.000000
-136199528989590190.000000 0.000000
-0.000000 0.000000
-17141106847853047000000000000000000000000000000000000000000000000000000000000000000000000000000000000000000000000000000000000000000000000000000000000000000000000000000000000000000000000000000000000000000000000000000000000000000000000000000000000000000000000000000000000000000000000000000000000000000000.000000 0.000000
-0.000000 0.000000
0.000000 0.000000
757148024506658700000000000000000000000000000000000000000000000000000000000000000000000000000000000000000000000000000000000000000000000000000000000000000000000000000000000000000000000000000000000000000000000000000000000000000000000000000000000000000.000000 0.000000
-4244985275052637900000000000000000000000000000000000000000000000000000000000000000000000000000000000000000000000000000000000000000000000000000.000000 0.000000
-5082667954531328400000000000000000000000000000000000000000000000000000000000000000000000000000000000000000000000000000000000000000000000000000000000000000000000000000000000000000000000000000000000000000000000000000000000000000000000000000000000.000000 0.000000
-0.000000 0.000000
-0.000000 0.000000
0.000000 0.000000
-0.000000 0.000000
-710047170829340480000000000000000000000000000000000000000000000000000000000000000000000000000000000000000000000000000000000000000000000000000000000000.000000 0.000000
-5674369169994486600000000000000000000.000000 0.000000
-168544453176343880000000000000000000000000000000000000000000000000000000000000000000000000000000000000000000000000000000000000000000000000000000000000000000000000000000000000000000000000000000000000000000000000000000000000000000000000000000000000000000000000000000000000000000000000000000000000000000000000.000000 0.000000
137476165630793040000000000000000000000000000000000000000000000000000000000000000000000000000000000000000000000000000000000000000000000000000000000000000000.000000 0.000000
-0.000000 0.000000
-16102132941220294000000000000000000000000.000000 0.000000
-0.000000 0.000000
-78544089971457157000000000000000000000000000000000000000000000000000000000000000000.000000 0.000000
-879768.500000 0.000000
8720893313855500900000000000000000000000000000000000000000000000000000000000000000000000000000000000000000000000000000000000.000000 0.000000
50529694568808904000000000000000000000000000000000000000000000000000000000000000000000000000000000000000000000000000000000000000000000000000000000000000000000000000000000000000000000000000000000000000000000000000000000000000000000000000000.000000 0.000000
0.000000 0.000000
0.000000 0.000000
-0.000000 0.000000
0.000000 0.000000
-2212763508880780400000000000000000000000000000000000000000000000000000000000000000000000000000000000000000000000000000000000000000000000000000000000000000000000000000000000000000000000000000000000000000000000000000000000000000000000.000000 0.000000
101427336660908110000000000000000000000000000000000000000000000000000000000000000000000000000000000000000000000000000000000000000000000000000000000000000000000000000000.000000 0.000000
-294509499854498460000000000000000000000000000000000000000000000000000000000000000000000000000000000000000000000000000000000000000000000000000000000000000000000000000000000000000000000000000000000000000000000000000.000000 0.000000
0.000000 0.000000
0.000000 0.000000
-11698842298979681000000000000000000000000000000000000000000000000000000000000000000000000000000000000000000000000000000000000000000000000000000000000000000.000000 0.000000
-9292867269039595900000000000000000000000000000000000000000000000000000000000000000000000000000000000000000000000000000000000000000000000000000000000000000000000000000000000000000000000000000000000.000000 0.000000
-0.000000 0.000000
-300673352621714540000000000000000.000000 0.000000
2832756834928093600000000000000000000000000000000000000000000000000000000000000000000000000000000000000000000000000000000000000000000000000000000000000000000000000000000000.000000 0.000000
5115757719878565300000000000000000000000000000000000000000000000000000000.000000 0.000000
0.000000 0.000000
-0.000000 0.000000
-4.690842 0.000000
-0.000000 0.000000
-0.000000 0.000000
40911784455110751000000000000000000000000000000000000000000000000000000000000000000000000000000000000000000000000000000000000000000000000000000000000000000000000000000000000000000000000000000000000000000000000000000000000000000000000000000000000000000000000000000000000000000000000000000000000000000000000000.000000 0.000000
-848592137620657440000000000000000000000000000000000000000000000000000000000000000000000000000000000000000000000000000000000000000000000000000000000000000000000000000000000000000000000000000000000000000000000000000000000000000000000000.000000 0.000000
0.000000 0.000000
0.000000 0.000000
0.000000 0.000000
-785276650671440950000000000000000000000000000000000000000000000000000000000000000000000000000000000000000000000000000000000000000000000000000000000000000000000000000000000000000000000000000000000000000000000000000000000000000000000000000000000000000000000000000000.000000 0.000000
-0.000000 0.000000
-0.000000 0.000000
-0.000000 0.000000
-21261074669953377000000000000000000000000000000000000000000000000000000000000000000000000000000000000000000000000000000000000000000000000000000000000000000000000000.000000 0.000000
-0.000000 0.000000
55597615319705468000000000000000000000000000000000000000000000000000000000000000000000000000000000000000000000000000000000000000000000000000000000000000000000000000000000000000000000000000000000000000000000000000000000000000000000000000000000000000000000000000000000000.000000 0.000000
0.000000 0.000000
0.000000 0.000000
