108
Caixa no tempo 1900
W 6.981200 5.606952 5.528813
W 0.754066 6.841978 0.587798
W 1.293485 0.668683 0.319067
W 2.110663 0.794723 6.324875
W 3.681168 6.438298 6.171716
W 4.721098 0.244423 6.088928
W 6.653344 6.344360 6.198818
W 0.274272 0.209162 6.688881
W 0.501348 1.452691 6.960955
W 1.980659 2.052213 6.282118
W 3.242335 1.582956 6.428391
W 4.150965 1.019600 6.683413
W 5.501505 1.091171 6.230876
W 6.210185 0.185464 6.507222
W 6.508737 1.254312 6.227006
W 0.206289 2.219857 6.498100
W 2.721941 1.945316 5.542241
W 4.091276 2.340289 5.995454
W 4.724496 1.604051 5.534910
W 6.364743 2.465884 5.791403
W 6.429327 3.011774 6.682628
W 0.351746 2.996502 0.246159
W 1.311559 3.369828 6.930158
W 2.162166 3.371905 6.358236
W 3.194377 2.987639 5.723258
W 4.768469 2.083571 6.841243
W 5.448112 2.861443 6.001643
W 5.933342 3.725101 0.531972
W 0.158237 3.836118 6.642040
W 1.366189 4.263536 5.819477
W 2.422714 4.739695 6.548944
W 3.169553 3.959647 6.509532
W 4.558388 3.520016 6.181174
W 5.310408 3.797760 6.805991
W 6.196941 4.208650 6.441059
W 0.161359 4.901473 6.969443
W 1.970186 4.612059 5.005468
W 1.754326 5.715953 6.598542
W 2.259698 5.441685 5.692142
W 5.416374 5.091252 5.704392
W 6.182620 5.062146 4.964509
W 0.126187 4.342589 5.699333
W 5.627763 6.080678 6.399389
W 0.778060 5.129358 6.070390
W 1.140319 6.728679 6.527061
W 2.064641 6.458918 5.770286
W 3.367141 5.266227 6.689108
W 4.570105 6.053307 6.636109
W 5.264168 5.838905 0.437336
W 6.262031 6.148136 0.323548
W 0.139897 6.020478 0.988666
W 1.496641 0.080518 1.223145
W 2.663861 0.880158 1.120130
W 2.955848 6.079994 0.279742
W 4.357713 0.284383 0.252646
W 5.300128 6.905270 0.162742
W 6.358078 1.175455 0.295584
W 0.423437 0.410844 1.479961
W 1.717629 1.474902 1.357902
W 1.945610 1.370524 0.135418
W 3.164754 0.591789 6.979698
W 5.041206 1.047013 0.237094
W 6.290339 1.136220 1.378341
W 0.353551 1.554250 1.308257
W 1.395584 2.187490 0.597026
W 2.782379 2.376470 6.858962
W 2.618303 1.819003 0.794246
W 3.619194 1.152726 0.687069
W 5.887199 2.057032 6.639215
W 6.569726 2.086144 0.445804
W 6.319215 3.423832 1.525809
W 0.555721 2.586954 1.239533
W 2.336203 2.912567 0.701578
W 3.707449 2.203720 0.323027
W 3.619538 2.602985 1.227239
W 5.625524 2.695286 0.573023
W 5.492455 3.837040 1.923497
W 0.044583 4.001964 0.615835
W 1.168178 3.774175 0.951958
W 2.285245 3.855297 0.259182
W 3.180913 3.497578 0.513173
W 4.478931 3.050080 0.338472
W 5.115551 4.499908 0.637751
W 5.915041 5.073010 0.288548
W 6.332492 4.449435 1.338468
W 1.404000 4.502386 6.926674
W 2.027793 4.846866 0.634448
W 3.009423 4.529042 0.381060
W 4.010213 4.031454 0.109016
W 4.655935 4.970865 6.840416
W 5.092201 5.233263 1.350587
W 0.316532 5.950018 6.932495
W 1.306130 5.940256 0.782753
W 1.951636 6.690369 0.332838
W 2.830829 5.323605 1.060246
W 4.184659 5.642168 0.597632
W 4.625053 6.544173 1.116522
W 6.106266 5.464439 1.228197
W 6.746469 0.130529 0.631448
W 0.969256 6.216547 1.733584
W 2.164807 0.210101 2.116338
W 3.205390 6.896008 0.872411
W 3.941616 0.472057 1.338469
W 5.823551 6.488251 1.061967
W 5.677136 6.095395 2.248551
W 6.723834 1.196935 2.303667
W 0.080420 0.220889 2.576798
W 2.373782 1.296862 2.614030
W 3.417651 1.375546 1.883534
W 4.397238 1.874959 0.858885
W 5.027563 0.505069 1.120493
W 5.858518 0.553668 2.058352
W 6.632622 2.202433 1.805574
W 1.075367 0.618142 2.242304
W 1.632364 2.547015 1.792921
W 2.748038 2.361330 1.992013
W 4.069656 2.105804 2.378204
W 5.559189 1.668579 0.857282
W 5.730639 1.722497 2.582141
W 6.150828 2.940638 2.372465
W 0.631745 1.901099 2.494181
W 2.191450 3.009451 2.569715
W 2.721550 3.421337 1.645619
W 3.883448 3.706583 2.318938
W 4.568436 2.827531 1.825105
W 5.485399 2.405786 1.591513
W 6.718597 4.095942 2.298063
W 0.908517 3.151311 2.263453
W 1.714425 3.818997 1.817472
W 2.831378 4.237088 2.636650
W 4.538487 3.742289 1.212196
W 4.123046 4.673973 3.030157
W 4.636336 4.471226 2.046106
W 0.283343 5.280310 1.777132
W 0.578823 4.017323 1.753839
W 2.595868 5.369928 2.140226
W 2.769753 4.432199 1.421628
W 3.482924 4.873162 2.197498
W 3.918688 4.672103 0.942634
W 5.833574 4.939106 2.187263
W 0.790933 4.829559 0.859058
W 1.497474 5.064380 1.869730
W 2.286513 6.389612 1.395674
W 3.180024 6.084715 2.782907
W 3.520534 5.918757 1.668598
W 4.745918 5.406481 2.552078
W 6.710862 5.888453 2.588548
W 6.532331 6.603089 1.814931
W 1.502774 0.073586 3.002765
W 2.495216 6.771270 3.288607
W 3.463207 0.020054 3.056235
W 4.517185 0.942814 2.701417
W 5.272278 0.951490 3.478668
W 5.443691 6.978960 3.036026
W 6.220702 0.673674 3.366807
W 0.274214 1.038708 3.189060
W 1.310914 1.242248 3.654486
W 3.285511 0.132757 2.042639
W 3.947589 1.039307 3.680654
W 4.550571 1.838360 3.270084
W 5.908846 1.052914 4.552873
W 6.705311 2.035372 3.042477
W 0.635478 2.248315 3.882887
W 1.679911 2.087935 3.103308
W 2.684633 1.880568 3.571919
W 3.520355 1.564990 2.929206
W 5.079185 1.287665 1.825423
W 5.706394 2.021943 3.738009
W 6.873646 3.180339 3.037748
W 1.473586 2.793906 4.240294
W 1.524604 3.805380 2.937004
W 3.039144 2.683683 2.992667
W 4.347735 2.894217 5.156343
W 4.283920 3.073807 3.237276
W 5.220926 3.317973 2.746711
W 6.571681 4.963876 3.092525
W 0.647760 4.471230 2.686380
W 1.783320 4.873374 3.367562
W 2.885750 4.450359 3.960672
W 3.408264 3.640984 3.236861
W 4.700796 3.945085 3.442286
W 5.957887 4.167050 3.169028
W 0.168779 5.678032 3.628562
W 0.846085 5.483974 2.743548
W 2.256139 5.207739 4.274420
W 3.178571 5.112813 3.175004
W 3.910287 4.821932 4.004186
W 5.007818 5.210661 3.562684
W 5.749794 3.558018 4.063813
W 1.158171 6.190317 3.550204
W 1.248301 5.375093 4.258290
W 2.018559 5.899442 2.969434
W 3.147294 5.970150 4.017066
W 4.371917 6.066342 3.475718
W 4.837781 0.122797 2.123362
W 5.918639 5.836403 3.611643
W 6.847642 6.705293 3.574113
W 0.852651 0.243542 4.016127
W 1.521570 6.978106 5.009711
W 3.197753 0.003700 4.478536
W 4.103420 0.343576 4.478034
W 4.460654 0.097714 3.407122
W 5.494252 6.918674 4.023848
W 6.891092 0.836046 4.960398
W 0.891780 0.791007 4.923546
W 1.892802 0.420236 4.171777
W 2.774306 0.749597 3.585797
W 4.008717 0.892370 5.378721
W 4.853847 1.084153 4.576218
W 6.066484 1.377528 5.383502
W 6.734236 1.609747 4.083057
W 1.763708 2.705904 5.421721
W 1.827677 1.701523 4.389260
W 3.773749 2.789152 4.158437
W 4.009790 1.767573 4.580472
W 5.444909 1.993085 4.778103
W 0.402982 2.879668 5.732814
W 6.902819 2.103249 5.090357
W 1.158221 3.480266 5.243241
W 2.863287 3.243068 4.295753
W 2.710461 4.258415 5.545299
W 5.596362 3.124575 4.946447
W 4.983643 2.813009 4.019285
W 6.553421 2.727176 4.043584
W 0.177207 3.552560 4.625269
W 0.788753 4.033791 3.651024
W 1.798836 4.028023 4.111502
W 3.639935 4.139848 5.279020
W 3.917110 3.828388 4.299757
W 4.866875 4.029899 5.280454
W 6.212655 4.041034 4.999535
W 6.731389 4.117567 3.950069
W 0.827399 4.421377 4.803694
W 2.795742 6.068749 4.922560
W 3.354760 5.120257 4.889677
W 3.907827 5.435236 5.747930
W 4.481341 5.191153 4.867053
W 5.830200 4.751363 4.033811
W 0.153226 6.286193 4.649154
W 1.110008 5.810864 5.368268
W 2.066286 6.199605 4.069202
W 4.006132 6.303881 5.001691
W 4.942718 6.019401 4.541871
W 5.883237 6.088022 5.254663
W 6.268236 5.227987 6.113094
W 0.071349 0.093479 5.678056
W 1.149704 0.753230 6.091789
W 1.686049 1.345383 5.370737
W 2.629646 0.480314 5.245782
W 4.911846 6.176959 5.612725
W 5.105700 0.062537 5.031396
W 6.008494 0.198518 5.508423
W 0.464108 1.429197 5.740817
W 0.781924 1.816830 4.800763
W 2.784550 1.137535 4.444633
W 2.994804 2.370217 4.637769
