108
Caixa no tempo 1700
W 0.344937 5.769137 5.878832
W 0.756046 6.763679 0.566776
W 1.389974 0.532679 0.203950
W 2.216340 0.774453 6.326689
W 3.575181 6.436080 6.222679
W 4.730990 6.890290 6.058828
W 6.581513 6.563320 6.059476
W 0.273476 0.420583 6.798907
W 0.735139 1.321974 0.088150
W 1.590441 1.746257 6.289827
W 3.027126 1.405919 6.510239
W 4.049093 1.030550 6.216805
W 5.186685 1.306651 6.301058
W 6.151636 0.409045 6.669450
W 6.857545 1.266295 6.457180
W 0.462070 2.098822 6.341441
W 2.563617 1.902816 5.574314
W 3.928625 2.375468 6.129202
W 4.704716 1.667486 5.426053
W 6.541356 2.392738 5.734487
W 6.568054 3.036331 6.598325
W 0.578403 2.924854 0.295092
W 1.475836 3.142726 6.849350
W 2.262016 3.371085 6.110358
W 3.173448 2.942061 5.883266
W 4.668355 2.001878 6.845694
W 5.581462 2.970393 6.167217
W 6.096747 3.861067 0.498487
W 0.325381 3.787302 6.418045
W 1.448923 4.271400 5.997979
W 2.185924 4.613847 6.634280
W 3.165671 3.865510 6.497217
W 4.383006 3.492046 6.015401
W 5.230552 3.701484 6.819623
W 6.238096 3.871353 6.116754
W 6.908345 4.660090 6.808249
W 1.721274 4.839409 4.981244
W 1.802459 5.718508 6.754977
W 2.197543 5.331337 5.849322
W 4.978655 4.960431 5.807722
W 5.816849 5.130837 5.248451
W 6.966558 4.436354 5.568792
W 5.523770 6.228816 6.371353
W 0.995754 5.222576 6.392004
W 1.122710 6.621724 6.554358
W 2.014522 6.492757 5.948805
W 3.450440 5.394932 6.655447
W 4.425912 6.032395 6.670442
W 5.332753 5.864833 0.417668
W 6.258662 6.171067 0.231367
W 0.106252 6.206908 1.109682
W 1.556926 0.301010 1.335182
W 2.681599 0.754259 1.304314
W 2.786865 6.103970 0.007600
W 4.221954 0.027746 0.519040
W 5.167084 6.947302 0.129878
W 6.364812 1.157895 0.399377
W 0.399792 0.556462 1.300414
W 1.763085 1.253852 1.318549
W 2.039447 1.594425 0.340551
W 3.121661 0.350377 0.159389
W 4.919765 0.883433 0.281805
W 6.432834 1.101035 1.457669
W 0.514561 1.536579 1.005209
W 1.309298 2.410589 0.719130
W 2.381332 2.667217 6.825371
W 2.938323 1.872182 1.070781
W 3.572278 1.329434 0.424676
W 5.862659 2.014645 6.855986
W 6.649633 2.492378 0.620531
W 6.680248 3.189373 1.365449
W 0.561970 2.850410 1.396647
W 2.177313 2.908315 0.996881
W 3.639879 2.438157 0.128761
W 3.558569 2.668357 1.212279
W 5.540566 2.810026 0.517708
W 5.605448 3.922952 1.495729
W 0.187605 3.920051 0.620111
W 1.273365 3.826834 0.874131
W 2.195881 3.827044 0.424301
W 3.436858 3.594872 0.699526
W 4.461142 3.049892 0.399587
W 5.164212 4.333276 0.685731
W 6.031007 5.108018 0.197259
W 6.509644 4.619362 1.368664
W 0.932248 4.334136 6.942472
W 1.892647 4.838769 0.833801
W 3.162579 4.725417 0.504263
W 4.151223 4.105612 0.017560
W 4.709414 4.927095 6.814362
W 5.220887 5.271365 1.405249
W 0.416811 5.973967 6.909745
W 1.313591 5.867945 0.644698
W 1.958308 6.750328 0.189845
W 2.778990 5.477653 1.065953
W 4.170687 5.450366 0.477303
W 4.690536 6.099969 1.276343
W 6.247484 5.618951 1.182801
W 6.551156 0.131821 0.723472
W 0.927800 6.084326 1.958972
W 1.913949 0.305949 2.355915
W 3.311022 6.741921 1.044322
W 3.873519 0.611631 1.474910
W 5.689220 6.705386 1.236699
W 5.529013 6.157567 2.122668
W 6.771822 1.323034 2.472984
W 0.231946 0.098352 2.545234
W 2.607657 1.189708 2.433954
W 3.382854 1.339548 1.811062
W 4.465687 1.948595 1.001050
W 4.954251 0.734244 1.331228
W 6.025369 0.598899 2.238084
W 6.599866 2.152595 1.700522
W 0.973851 0.940569 2.405155
W 1.662651 2.243352 1.768638
W 2.753314 2.201286 2.081009
W 3.876841 2.208887 2.165768
W 5.529986 1.658769 0.854666
W 5.684019 1.453818 2.703209
W 6.420114 3.013437 2.505801
W 0.630292 1.850458 2.620420
W 2.102040 2.897077 2.505414
W 2.743655 3.287782 1.743176
W 3.967947 3.771719 2.275014
W 4.740727 3.058949 1.939457
W 5.644482 2.488729 1.785724
W 6.636447 4.035281 2.256881
W 0.707441 3.293253 2.270087
W 1.773405 3.988913 1.944391
W 2.811463 4.236144 2.661029
W 4.400753 3.709656 1.199821
W 4.098844 4.602104 2.896925
W 4.695384 4.535344 1.948891
W 0.059725 5.199508 1.950187
W 0.634253 4.343151 1.608299
W 2.488358 5.506864 2.091066
W 2.645832 4.531078 1.649046
W 3.578577 4.988106 2.070402
W 4.032178 4.709025 1.085822
W 5.902915 4.913064 2.293141
W 0.885048 5.021049 0.863731
W 1.561309 5.140741 1.828365
W 2.208865 6.351630 1.230254
W 3.322805 6.118979 2.663862
W 3.640987 5.967236 1.603803
W 4.920266 5.404478 2.420329
W 6.446160 5.745657 2.687711
W 6.490140 6.565712 1.968542
W 1.582889 0.098077 3.215795
W 2.467536 6.595115 3.090522
W 3.602144 0.080160 3.159706
W 4.409306 0.855340 2.639986
W 5.181343 0.943765 3.398497
W 5.518437 6.899004 3.023636
W 6.390893 0.675350 3.218771
W 0.382330 0.902457 3.378266
W 1.431270 1.185039 3.406660
W 3.025182 0.305237 2.130801
W 3.940385 1.042041 3.772974
W 4.604789 1.873008 3.238135
W 5.872029 1.067801 4.178799
W 6.686037 2.230190 3.105516
W 0.700844 1.968180 3.672292
W 1.593457 2.124387 3.083632
W 2.569375 2.106773 3.478066
W 3.333713 1.530730 3.088858
W 4.868479 1.757707 2.012932
W 5.697643 1.944582 3.615632
W 0.131525 3.665157 3.234535
W 1.191946 3.159750 4.080849
W 1.589834 3.621863 3.135984
W 3.320417 2.609815 2.917185
W 4.333609 2.702569 5.299576
W 4.310383 2.958387 2.995353
W 5.296171 3.089698 2.790702
W 6.712788 4.837141 3.239825
W 0.788137 4.226550 2.723150
W 1.858166 4.525515 3.387300
W 2.831201 4.435433 3.725912
W 3.619369 3.807815 3.266701
W 4.906779 4.129135 3.614010
W 5.730263 4.049944 2.903983
W 0.194137 5.709446 3.667583
W 1.027689 5.344935 2.826634
W 2.423716 5.323540 4.270262
W 2.987860 5.181403 3.049691
W 3.904814 4.962895 3.878018
W 4.847318 5.183677 3.543118
W 5.808748 3.267876 3.729922
W 1.133407 6.223833 3.360328
W 1.277421 5.365222 4.238962
W 2.072996 5.640722 3.249423
W 3.181619 5.943485 3.800825
W 4.226015 6.122275 3.306992
W 4.811711 6.880284 2.065539
W 5.888313 5.933833 3.524419
W 6.870161 6.718347 3.438209
W 0.726819 0.035582 3.888452
W 1.584946 6.912593 4.859503
W 3.146707 6.757221 4.464141
W 4.090290 0.108243 4.339436
W 4.551021 0.187708 3.402895
W 5.345890 6.957242 4.079551
W 6.653383 0.564317 4.595726
W 1.008417 0.715939 4.826603
W 1.936554 0.575420 4.199413
W 2.738215 0.807180 3.462272
W 3.829033 0.771713 5.254488
W 4.837460 1.052564 4.421241
W 5.861730 1.490044 5.311219
W 6.807552 1.487886 4.051043
W 1.344690 2.615913 5.672023
W 1.836623 1.595090 4.243075
W 4.011391 2.740600 4.169059
W 4.035971 1.709451 4.551259
W 5.288115 2.074193 4.660404
W 0.320483 3.062463 5.831186
W 0.257559 2.281443 4.829184
W 1.192724 3.655856 5.117332
W 2.707414 3.365530 4.148756
W 2.906644 4.114413 5.449389
W 5.457078 3.003607 5.060472
W 5.064797 2.649830 3.903775
W 6.648913 2.683195 4.036578
W 0.002738 3.427189 4.908867
W 0.955977 4.113276 3.907826
W 1.953770 4.009037 4.395525
W 3.963155 4.383927 5.395566
W 3.917891 3.813548 4.307822
W 5.114933 4.130210 5.174827
W 6.053102 3.852183 4.935780
W 6.519804 4.080224 4.061988
W 0.744550 4.636663 4.979932
W 2.633938 6.059123 5.044909
W 3.280827 5.138956 4.806154
W 3.791493 5.376426 5.672322
W 4.624792 5.021447 4.846166
W 5.782939 4.788506 4.047462
W 6.982154 6.606500 4.499326
W 1.159797 6.050716 5.281214
W 2.011180 6.429348 4.137456
W 3.969137 5.887867 4.598020
W 5.134811 5.877990 4.245732
W 5.922648 6.143490 5.292166
W 6.364391 5.391874 6.097831
W 0.151164 0.283994 5.626297
W 1.199445 0.816770 6.196263
W 1.873322 1.151597 5.279433
W 2.547037 0.314882 5.399442
W 4.739627 5.909829 5.390186
W 5.039227 6.853540 5.121713
W 5.877557 0.473143 5.426980
W 0.278213 1.261789 5.493666
W 1.125427 1.745333 4.921022
W 2.759162 1.179114 4.751460
W 3.207473 2.352774 4.633239
