108
Caixa no tempo 2300
W 0.367630 5.554784 5.017833
W 0.703671 6.635118 0.792615
W 1.152559 0.514888 0.333746
W 1.920442 0.721107 6.187668
W 3.430106 6.464059 6.190932
W 4.328822 0.436121 6.257101
W 0.222163 6.412760 5.795720
W 0.278742 0.033355 6.806072
W 6.976394 1.277613 0.275053
W 1.711451 2.418704 6.562470
W 3.282564 1.376467 6.203085
W 4.388172 1.442192 6.884852
W 5.529093 0.363399 6.198081
W 6.080966 6.481225 6.465476
W 6.803041 0.919617 6.156002
W 6.733443 2.259385 6.605732
W 2.595009 1.730427 5.639141
W 3.976677 2.123544 5.753385
W 4.886391 1.575141 6.012989
W 6.189323 3.026426 5.894012
W 6.123540 3.240707 6.958869
W 0.055579 3.032153 0.367946
W 1.221170 3.306458 6.610526
W 2.090790 3.451375 6.133509
W 3.122844 2.742494 5.492405
W 5.036980 2.435367 6.844923
W 5.110098 2.622812 5.851581
W 5.547790 3.893130 0.711018
W 0.255033 4.089097 6.477605
W 1.179753 3.945425 5.795616
W 2.484464 5.106395 0.090493
W 2.979243 3.879500 6.496763
W 4.242837 3.462891 6.240161
W 5.181786 3.823364 6.647809
W 6.124759 4.387518 6.646659
W 0.116993 4.891975 0.180260
W 1.604851 4.658547 4.780779
W 1.743944 5.854394 6.673330
W 2.153030 5.427054 5.477209
W 5.255281 5.463931 5.131412
W 6.447807 5.034610 4.536702
W 0.180653 4.263037 5.254384
W 5.581377 5.553494 6.663181
W 0.845085 4.903246 5.983974
W 1.131459 6.813040 6.229023
W 2.356712 6.538612 6.207564
W 3.499635 4.927910 6.868338
W 4.728959 6.183990 6.754307
W 4.996341 5.687113 0.672434
W 6.653822 5.993263 0.173601
W 0.410724 5.451628 0.978947
W 1.612002 6.881588 1.369551
W 2.180671 0.801333 1.159594
W 2.810481 6.076766 0.018105
W 4.230080 0.019510 0.243481
W 5.360971 6.666049 0.392925
W 6.189645 0.514879 6.933886
W 0.604258 0.412318 1.832575
W 1.691903 1.732223 1.210067
W 2.654002 1.409100 6.952691
W 2.903525 0.442087 6.695614
W 5.201040 0.647846 0.222062
W 6.598652 1.080010 1.239649
W 0.750850 1.229226 1.146410
W 1.194865 2.349945 0.555677
W 2.818961 2.698598 6.568703
W 2.960724 2.287121 0.856956
W 3.484645 1.440000 0.611122
W 5.821310 1.360681 6.417840
W 6.938807 2.133062 0.914638
W 6.711595 3.006961 1.439888
W 0.670647 2.429189 1.606347
W 2.108975 2.995090 0.374760
W 3.770065 2.410038 6.935177
W 3.872560 2.398731 1.516363
W 5.422995 2.907711 0.834194
W 5.616806 3.621786 1.769462
W 6.948209 3.951112 0.924424
W 0.973542 3.256891 0.938619
W 2.071565 4.152210 6.919574
W 3.441968 3.362980 0.559497
W 4.407322 2.894049 0.640769
W 4.997006 4.624597 1.017639
W 6.032419 5.065478 0.370332
W 6.091048 4.432996 1.506603
W 1.347285 4.977594 0.142044
W 2.163301 4.765769 1.018295
W 2.922172 4.203259 0.542753
W 4.190210 4.095853 0.133789
W 4.745748 4.953607 6.859243
W 4.880994 5.363489 1.681593
W 0.665283 5.968333 6.971217
W 1.357295 5.769399 0.707768
W 2.081447 6.715725 0.240095
W 3.162747 5.305825 1.016911
W 3.879918 5.809247 0.348378
W 4.446029 6.793276 1.220010
W 6.020258 5.621572 1.424109
W 6.755735 0.155905 0.776780
W 0.744544 6.148071 1.696007
W 2.290445 0.262283 2.286957
W 3.224585 6.487941 0.974532
W 4.405206 0.838944 1.368199
W 5.448902 6.415218 1.470016
W 5.880149 5.945193 2.582586
W 6.714275 1.107560 2.368318
W 0.070485 0.156532 2.714658
W 1.975457 1.527450 2.845414
W 3.101397 1.071334 1.537910
W 4.606591 1.986296 0.921413
W 5.769708 0.389038 1.059576
W 5.966890 0.328991 2.125039
W 6.678586 2.072617 2.002263
W 1.451970 0.902803 2.186708
W 1.685616 2.689552 1.684643
W 2.483519 1.918742 1.743174
W 4.677989 1.872027 2.340062
W 5.735470 1.569091 0.719771
W 5.512322 1.585392 2.766901
W 5.651561 2.659304 2.616311
W 0.759596 1.617550 2.209680
W 2.060629 3.305314 2.418086
W 2.749437 3.066633 1.601635
W 3.630164 3.693943 2.050292
W 4.818670 2.912116 1.940786
W 5.778587 2.358658 1.512403
W 6.418476 3.900523 2.460579
W 1.102671 2.763103 2.638800
W 1.778807 3.768532 1.453341
W 2.832298 4.067164 2.576849
W 4.283318 3.762228 1.161404
W 4.036640 4.498240 2.732444
W 4.649332 4.251488 1.951892
W 0.186059 5.281353 1.970418
W 0.416311 4.057833 1.887779
W 2.474787 5.258228 2.096890
W 2.897182 4.282985 1.589930
W 3.518941 4.987875 1.978636
W 3.929524 4.713452 0.979431
W 5.347099 4.834985 2.425101
W 0.885988 4.432429 1.060791
W 1.446160 4.861357 1.805521
W 2.184703 5.968121 1.242978
W 3.122485 5.915761 2.530939
W 3.839159 6.057470 1.693737
W 4.557374 5.863680 2.724112
W 6.964749 6.183450 2.591819
W 6.756273 6.506535 1.632146
W 1.277788 0.094440 2.825708
W 2.378031 6.555928 3.334011
W 3.717695 0.060966 3.029533
W 4.379425 0.916560 2.653630
W 5.059409 0.948797 3.780875
W 6.021981 6.958060 3.043303
W 6.022556 0.987963 3.347578
W 0.422402 1.167058 3.101031
W 1.043292 1.508978 3.867638
W 3.427059 0.124040 1.942697
W 3.753842 1.200832 3.910329
W 4.548453 1.972171 3.931465
W 5.879834 0.867690 4.348451
W 6.760951 2.005444 3.010436
W 0.770183 2.557546 3.693058
W 1.805876 2.438840 3.199293
W 2.768040 1.706505 3.601529
W 3.280258 1.350977 2.685408
W 5.419439 1.318949 1.685477
W 5.818365 2.158130 3.667697
W 6.790679 3.098340 2.985087
W 1.925086 2.617338 4.365419
W 1.555702 4.178033 2.686227
W 2.584102 2.498861 2.654216
W 4.270832 2.875513 4.962439
W 3.833409 2.619044 2.839359
W 4.518165 3.659232 3.054421
W 6.555529 5.027868 2.745128
W 0.587363 4.863292 2.956970
W 1.484012 5.259518 3.376060
W 3.210008 4.286337 4.354160
W 3.293308 3.670168 3.388211
W 4.825526 4.308600 4.022834
W 5.636480 3.713922 3.052524
W 0.207137 5.731091 3.877468
W 0.911494 5.906414 2.662172
W 2.432467 5.266031 4.227567
W 3.032926 4.822289 3.197231
W 3.901824 5.179595 4.008400
W 4.937682 5.174338 3.326218
W 5.815413 3.902834 4.102133
W 1.258600 6.356633 3.563513
W 1.010989 5.196944 4.293677
W 2.114114 6.208494 2.319341
W 3.048283 6.098388 3.941942
W 4.119703 6.213422 3.639086
W 4.606310 6.889729 2.311491
W 5.935772 5.719688 3.621442
W 6.842981 6.666721 3.655895
W 0.672691 0.298187 3.728971
W 1.604889 0.087284 5.338589
W 3.346725 0.170579 4.074289
W 4.295020 0.442350 4.346726
W 5.061040 6.942278 3.483812
W 5.728033 6.654351 4.254845
W 0.004698 1.332956 5.099290
W 1.154188 1.001012 4.924887
W 1.734709 0.447422 4.063139
W 2.506151 0.628697 3.216735
W 4.095056 1.061270 5.484138
W 4.629622 1.306733 4.750929
W 5.856287 1.576640 5.472476
W 6.757030 1.613990 4.055377
W 1.931462 2.679503 5.386542
W 2.050537 1.408513 4.732159
W 3.294670 2.756366 3.835666
W 3.852652 2.021786 4.769903
W 5.189339 2.234636 4.646821
W 0.246746 2.821055 5.448628
W 6.402458 2.421455 4.982473
W 1.348250 3.460660 4.755426
W 2.440949 3.746031 4.738172
W 2.158368 4.491890 5.913476
W 5.479407 3.313213 4.998815
W 4.955620 3.079329 3.936926
W 6.397114 3.028840 3.948129
W 0.365247 3.265060 4.397906
W 0.673995 3.546509 3.241924
W 1.625402 3.857743 3.800768
W 3.698964 3.942030 5.393328
W 4.019589 3.561253 4.220008
W 5.165615 4.266444 5.240536
W 6.535633 3.562364 4.965909
W 6.931131 4.622280 3.652585
W 0.749733 4.192385 4.291119
W 3.146590 6.146661 4.967481
W 3.380394 5.203200 5.190109
W 4.258898 5.803440 5.846590
W 4.309872 4.741751 5.073781
W 5.909702 4.682456 3.447464
W 0.753946 6.447340 4.476956
W 1.400336 5.921715 5.030389
W 2.227399 6.569645 4.335955
W 4.091694 6.755595 5.452023
W 4.750753 6.446559 4.710086
W 6.217903 6.079283 5.094312
W 6.734611 5.083331 6.085168
W 0.513635 0.309673 5.252952
W 0.822950 0.946457 6.338166
W 1.580081 1.772536 5.670231
W 2.729747 0.205709 5.119089
W 5.158698 6.498130 5.856278
W 5.241698 0.343815 5.180115
W 6.352703 0.195007 5.268435
W 0.614343 2.032336 6.095937
W 0.509184 2.177040 4.699037
W 2.975185 1.136191 4.631484
W 2.813030 2.185848 4.614259
