108
Caixa no tempo 3100
W 1.235014 5.260434 4.963149
W 0.722780 6.598121 0.432420
W 0.995897 0.957825 0.192923
W 1.833289 0.603650 6.477976
W 3.667814 6.444888 6.122656
W 4.157061 0.303959 6.401925
W 0.306774 6.546471 6.020117
W 0.215362 0.471554 6.726970
W 6.923333 1.358479 0.392635
W 1.894647 1.858157 6.784041
W 3.443727 0.927867 6.581788
W 4.488999 1.601071 6.562703
W 5.566674 6.920786 5.789650
W 5.783176 6.224134 6.580444
W 6.357007 1.175986 6.413732
W 6.194825 2.364981 6.881103
W 2.649607 1.442776 6.035580
W 4.682041 1.792598 5.622770
W 4.944015 0.802679 5.910859
W 5.747614 3.497330 5.849331
W 5.711409 3.534836 6.932962
W 6.898264 3.095936 6.960979
W 1.028947 3.043375 6.795611
W 2.503348 3.905774 6.464011
W 3.317568 1.968786 5.426017
W 5.122894 2.688396 0.156705
W 5.308810 2.524600 6.132342
W 5.191856 4.265847 0.442239
W 0.398772 4.626808 5.851046
W 1.093729 3.746711 6.071713
W 2.201645 5.307758 0.376927
W 3.342122 4.431651 6.532002
W 3.492013 2.799366 6.282819
W 4.657128 3.471557 6.083636
W 6.347353 4.260085 6.381646
W 6.751694 5.339652 6.251671
W 1.512951 4.289929 5.299768
W 1.911161 5.879383 6.416101
W 2.693418 5.919099 5.819042
W 5.593344 5.242687 4.789591
W 0.093829 4.953593 4.179649
W 0.556195 4.059570 4.770864
W 5.691855 5.583269 5.805953
W 1.041615 5.541835 5.988499
W 1.170136 6.703645 6.518523
W 2.083676 6.747572 5.629133
W 3.997734 5.456782 6.750597
W 4.673966 6.085202 6.481095
W 5.004036 5.502230 0.258431
W 6.619762 6.591503 0.368135
W 6.966781 5.567690 0.682240
W 1.512335 6.980751 1.153430
W 2.360913 0.403346 0.549060
W 2.951107 5.886446 6.978766
W 3.729805 0.380906 0.728329
W 5.450594 6.317156 0.972174
W 5.999553 0.548501 0.291182
W 0.792865 0.530647 1.752919
W 1.645354 1.546276 0.877018
W 2.710728 1.367067 0.477472
W 2.658741 6.793604 6.515629
W 4.952458 0.596463 0.384329
W 6.672655 1.075562 1.669868
W 0.499597 1.341336 1.206215
W 0.887739 1.953575 0.154378
W 2.292432 2.800662 6.474164
W 2.660600 2.754170 0.515388
W 3.930389 1.563174 0.427963
W 5.492224 1.544130 6.669110
W 6.631671 2.369750 0.887980
W 6.948427 3.228758 1.496193
W 0.790864 2.388976 1.290596
W 1.590541 2.800552 0.592459
W 3.139051 1.996586 6.766098
W 3.535355 2.112211 1.299870
W 5.242557 2.923157 1.197796
W 5.221664 2.679508 2.377463
W 6.643699 4.094917 0.461906
W 0.664750 3.543593 0.773034
W 1.585175 3.820203 0.233657
W 3.354761 3.507297 0.450661
W 4.078853 2.593748 0.176275
W 5.034904 3.866529 1.637453
W 6.055276 5.207561 0.291049
W 6.103046 4.152297 1.363298
W 0.885366 4.697214 6.871698
W 1.819188 4.664444 1.055475
W 2.652142 4.248806 0.412029
W 4.408406 3.534332 0.370341
W 4.375172 4.396459 6.389886
W 5.007736 5.094832 1.763826
W 0.620448 5.718408 6.748260
W 1.182858 5.476912 0.806385
W 2.076433 6.414380 0.352400
W 3.124056 5.104281 0.782360
W 3.946909 6.451908 0.250957
W 4.819677 0.038620 1.221018
W 6.079700 5.315463 1.523866
W 0.102352 0.331620 0.997646
W 1.007369 6.010472 1.641325
W 2.627080 0.090166 1.623386
W 3.192279 6.390608 0.972803
W 4.354399 1.066199 1.204856
W 6.088252 6.582801 2.325493
W 5.591087 5.679510 2.852259
W 6.156056 1.618730 2.637804
W 0.656198 0.012479 2.697049
W 1.286767 0.880071 2.992860
W 3.178873 1.011470 1.301881
W 4.972618 1.826377 0.692258
W 5.952516 0.302446 1.331405
W 6.623548 0.535950 2.480887
W 0.069751 2.465893 2.033318
W 1.875124 0.849449 1.976005
W 1.855199 2.707058 1.825486
W 2.446687 1.990326 1.260069
W 4.780750 1.890813 1.756512
W 5.707661 1.220244 1.098580
W 5.270439 0.706636 3.694640
W 4.943370 1.796321 2.811009
W 1.364594 1.671779 1.840372
W 1.923477 3.289527 2.700547
W 2.965022 3.208072 1.406603
W 3.649367 3.432712 2.506458
W 4.111070 2.979309 1.547703
W 5.837132 2.155165 1.668503
W 6.722769 3.887469 2.240386
W 0.936727 3.225260 1.936335
W 1.885204 3.579842 1.265391
W 2.703533 4.028438 2.651773
W 3.755615 4.087565 1.344803
W 4.904948 4.906709 2.892121
W 4.700397 3.862181 2.648471
W 0.396007 5.179631 1.768871
W 1.009747 4.247317 1.500537
W 2.458443 5.104539 2.050067
W 2.802857 4.319787 1.558465
W 3.410115 5.601382 2.014827
W 4.268706 5.082368 0.939922
W 5.720837 4.509806 2.285784
W 0.416504 4.680443 0.813740
W 1.370033 4.984970 2.049410
W 2.182876 6.067721 1.391796
W 3.078286 5.931619 2.970336
W 4.375482 5.944934 1.498469
W 4.641867 5.835293 2.514433
W 0.224646 6.085457 2.461852
W 6.780715 6.443509 1.456554
W 1.623744 6.969791 2.568722
W 2.255063 6.459381 3.491298
W 2.766615 0.255257 2.642334
W 4.445860 0.723682 2.443854
W 4.195980 1.871638 3.555395
W 6.657659 6.786050 3.692419
W 6.434509 0.963045 3.474591
W 0.232120 1.414553 2.532538
W 0.997865 1.676891 4.267796
W 3.538803 6.569281 2.032093
W 3.130360 1.349355 3.358430
W 4.391257 2.853120 2.982115
W 6.027613 1.307694 4.486951
W 0.204724 2.102530 3.427826
W 1.081901 2.570818 3.411079
W 1.699718 1.944360 2.798850
W 1.998642 1.611673 3.876939
W 2.765130 1.314491 2.252732
W 5.662287 0.898328 2.227016
W 5.489548 1.911575 3.869581
W 0.160099 3.199561 2.820825
W 1.652787 2.526298 4.422967
W 1.652392 4.416381 2.824078
W 2.872674 2.438666 2.275254
W 4.586376 2.734503 5.441055
W 3.839449 1.988428 2.570316
W 4.067414 3.898957 3.505630
W 6.576701 5.065814 2.570927
W 0.616524 4.515324 2.499949
W 2.069413 5.364742 3.440832
W 2.675991 4.558386 4.493769
W 3.174325 3.686947 4.005424
W 4.874917 4.649796 4.076626
W 5.631721 3.965365 3.323690
W 6.787295 5.642661 3.399662
W 1.109278 5.412921 2.928500
W 2.217610 5.145536 5.370872
W 3.432000 4.641593 3.336876
W 3.976517 5.669865 4.148221
W 4.964320 5.584423 3.726479
W 6.078064 3.551523 4.341323
W 0.452875 6.010381 4.342382
W 1.804665 6.044638 4.437467
W 1.987930 5.994021 2.522284
W 2.670059 5.684323 4.315597
W 4.206480 6.948715 3.189400
W 5.051022 6.883115 2.306613
W 5.888145 5.797828 4.033502
W 6.891565 0.528624 4.514474
W 0.521305 0.527093 3.573396
W 1.790333 0.704864 4.893703
W 3.343002 6.443837 3.860306
W 3.823878 0.281809 4.170386
W 5.345659 6.571706 3.398724
W 5.845633 0.161982 4.338691
W 6.683199 1.530602 5.280267
W 0.623260 1.200094 5.179472
W 1.479504 0.071263 3.857617
W 2.482095 0.600763 3.928247
W 4.104303 1.113561 5.197194
W 4.964402 1.316440 4.533252
W 5.678020 1.489525 5.562130
W 0.043838 1.506968 4.198414
W 1.388601 2.367484 5.889427
W 1.991780 1.759443 4.937218
W 2.702622 2.585161 3.376749
W 3.864905 1.846263 4.443747
W 5.631576 2.884701 5.072362
W 0.103139 3.546103 6.040028
W 6.513932 2.379143 4.582835
W 1.428524 3.648063 4.333622
W 2.328359 2.591943 5.406991
W 1.942614 4.830410 6.381100
W 5.323050 4.283456 5.189763
W 5.113352 2.916233 3.792101
W 6.170446 3.023600 3.449852
W 0.156978 3.255677 4.018000
W 0.838774 3.887030 3.315875
W 2.184441 3.432231 3.764684
W 3.773404 3.833492 5.430045
W 4.403316 3.532809 4.529395
W 6.375441 4.298413 5.378726
W 0.088184 3.224686 5.054162
W 6.749160 4.070383 3.285584
W 1.016967 4.862646 3.801467
W 3.423636 6.577670 5.003835
W 3.406832 5.286334 5.240726
W 4.405140 5.288301 5.836871
W 4.130063 4.562302 4.844262
W 6.080333 4.805406 3.674667
W 0.650246 0.020584 4.919660
W 1.242080 6.264254 5.415675
W 2.491872 6.799301 4.506257
W 4.764491 6.292167 5.455762
W 4.713216 6.432181 4.343236
W 6.679755 6.510038 4.741947
W 6.984028 5.485647 5.158850
W 0.919953 0.489282 5.830841
W 0.516678 1.564230 6.164239
W 1.501160 1.355770 5.748854
W 3.241042 0.371971 5.577574
W 5.673454 6.318285 4.969281
W 4.842203 0.311790 4.933070
W 6.535166 0.352507 5.452466
W 6.797110 2.467021 6.058023
W 0.650634 2.303144 4.978864
W 2.940111 1.181399 4.845419
W 2.642523 2.416166 4.407934
