108
Caixa no tempo 3800
W 0.713801 5.113270 4.768158
W 0.758384 6.549512 0.601095
W 1.065693 0.333132 6.707928
W 2.038064 0.694448 6.659368
W 3.522357 6.406381 5.821853
W 4.122312 0.095505 6.638105
W 6.931507 6.965088 6.831425
W 0.119073 1.088470 6.806702
W 6.182552 1.653169 0.320552
W 1.405423 1.704349 6.792673
W 3.061511 0.438410 6.757203
W 3.646504 1.371297 6.451621
W 5.658412 6.773165 5.548940
W 5.956028 6.531906 6.629133
W 5.884471 1.556763 6.225721
W 5.850541 2.874309 6.663976
W 2.811552 1.290488 5.590760
W 4.850915 1.537139 5.816921
W 5.209344 0.703305 6.269642
W 5.814432 3.727242 5.532960
W 5.192846 4.038870 6.645397
W 6.920274 3.031040 0.062716
W 1.023018 2.917526 6.935935
W 2.106065 3.237992 5.273258
W 3.664781 2.130738 5.698434
W 5.050920 2.868404 0.558952
W 5.238556 2.814942 5.773725
W 5.149178 4.877280 0.275749
W 0.316843 4.312392 5.441538
W 1.145404 3.643929 5.383701
W 2.197410 4.991042 0.260318
W 3.293132 4.785565 6.970293
W 3.091189 3.175340 6.341606
W 4.452500 3.366090 6.733150
W 6.146021 4.635794 5.869955
W 6.568352 5.675535 6.223238
W 2.476609 4.109579 4.778960
W 2.225161 5.210469 6.205846
W 2.779169 5.858238 5.343337
W 4.931561 5.402325 5.173947
W 6.604834 4.928342 4.075708
W 0.456646 4.051242 4.414101
W 5.778178 5.694127 5.620990
W 1.220850 4.801082 5.842179
W 1.564696 6.072874 6.749338
W 1.761581 6.787928 5.906799
W 4.166404 5.668907 6.320456
W 4.701658 6.636714 6.019984
W 5.225913 5.671540 6.515202
W 6.413900 6.356109 0.671616
W 6.788469 5.968100 1.483938
W 1.838944 0.278800 0.595527
W 2.705062 6.681929 0.549421
W 2.906831 5.762231 0.440160
W 3.541573 0.326221 0.876296
W 5.495712 5.656469 0.783587
W 5.919483 0.644386 0.280274
W 1.249606 0.680130 1.443398
W 1.023219 1.071059 0.497916
W 2.530756 1.037234 0.583526
W 2.619962 6.218508 6.541085
W 4.542994 0.992970 0.199569
W 6.576042 1.289909 1.574855
W 0.407857 1.971692 1.600314
W 0.387727 2.060205 0.409467
W 2.079780 3.197739 6.673761
W 2.277763 2.051840 0.522294
W 3.427955 1.593048 0.579857
W 5.178437 1.858227 6.984230
W 6.531183 2.530978 1.120162
W 6.762883 3.937889 1.231045
W 0.664233 3.035970 1.186746
W 1.309790 2.240858 1.087604
W 2.643352 1.555262 6.555758
W 3.654230 2.370138 1.326610
W 5.428791 3.121378 1.549231
W 5.178014 2.682171 2.605890
W 6.607652 4.178731 6.880047
W 0.549897 3.785408 0.395536
W 1.574708 4.273137 6.666199
W 3.916518 2.642598 0.356202
W 4.370319 2.361708 6.415208
W 4.885522 4.004097 1.839827
W 6.180008 5.247054 0.154990
W 5.672556 4.275158 1.178435
W 0.468559 4.846631 6.649056
W 1.745022 4.478346 1.016142
W 2.773714 3.725578 0.235026
W 4.837202 3.850535 0.826871
W 4.271932 4.681090 6.793123
W 4.941161 5.584722 1.745893
W 0.157463 5.660857 0.216143
W 1.110317 5.060504 0.487810
W 1.800240 6.038191 0.757764
W 2.740487 4.898942 1.219523
W 3.803450 6.323941 0.292818
W 4.820131 0.186679 1.363269
W 6.223099 5.043933 1.150926
W 0.003380 0.502564 0.781184
W 1.492472 6.485085 1.787697
W 2.770813 6.396036 1.728013
W 3.685573 5.791615 1.811571
W 4.159663 1.234531 1.367397
W 6.774803 6.397151 2.699065
W 5.841362 5.359868 2.236365
W 6.896565 1.125946 3.010375
W 1.181949 6.532604 2.807311
W 1.292145 0.508437 2.986192
W 3.392594 0.604768 1.859580
W 4.422423 1.886820 0.622199
W 6.026500 0.345608 1.258767
W 6.600726 0.373334 2.208626
W 6.754868 2.667831 2.123021
W 2.331443 0.626732 1.914964
W 2.389151 2.656002 2.410555
W 2.815565 1.668504 1.752569
W 4.893590 2.164984 1.574181
W 5.182161 1.323054 0.978628
W 4.776891 0.977391 3.411064
W 4.907477 1.639060 2.602281
W 1.260079 2.315569 2.162640
W 1.942494 3.709599 2.669841
W 2.613506 2.757768 1.285515
W 3.984335 3.637076 2.462765
W 4.380625 3.187063 1.443914
W 6.013991 1.996063 2.535203
W 0.015026 3.841376 2.225224
W 1.001909 3.349270 2.132432
W 1.611473 3.301168 0.647765
W 2.934149 4.239457 2.787616
W 3.414822 4.088411 1.438602
W 4.832016 4.800671 2.577694
W 4.995876 3.697827 2.878946
W 0.533280 5.118106 1.415123
W 0.873543 4.065310 1.398597
W 2.799264 5.296158 2.415627
W 2.297061 4.111750 1.771669
W 3.949318 4.575323 2.213041
W 4.040225 5.092186 1.009880
W 6.112422 4.320373 2.518811
W 0.050014 4.694432 0.648832
W 1.356576 4.835353 2.226580
W 1.806251 5.612651 1.681006
W 3.482788 6.134406 2.890513
W 4.511598 6.099026 0.958686
W 4.512733 6.035074 2.708174
W 0.609369 5.881414 2.185336
W 0.424384 6.988990 1.763028
W 2.377422 6.907844 2.687889
W 1.937814 6.691516 3.649639
W 3.128481 0.704992 2.768637
W 4.616716 0.643648 2.373981
W 3.529485 2.477509 4.045202
W 6.332319 0.016385 3.387229
W 5.837103 1.073946 3.085011
W 0.804655 1.273184 2.330721
W 1.512984 1.431964 4.410673
W 4.101577 6.839745 2.125705
W 3.627541 1.136230 3.894216
W 4.083869 2.482725 2.645647
W 6.221465 1.338929 4.180323
W 0.621168 1.925287 3.099230
W 1.474493 2.820094 2.991155
W 1.669353 1.755555 3.128641
W 2.508092 2.166085 3.994995
W 2.706683 1.636787 2.800239
W 5.608993 1.022363 2.071267
W 5.603608 2.085333 3.764829
W 0.333215 3.023536 3.040384
W 1.182994 2.389148 4.228008
W 2.136517 4.439497 3.386561
W 3.201883 3.227728 2.017105
W 3.863939 3.185363 5.751953
W 3.675766 1.613394 2.243896
W 4.111327 4.293218 3.270095
W 0.227739 4.789946 2.691551
W 0.978806 4.040452 2.951929
W 2.570744 5.418274 3.435941
W 3.340081 5.341201 4.443128
W 3.956791 3.503909 4.097661
W 4.776206 4.302399 4.226242
W 5.915025 4.257751 3.671165
W 6.515426 5.489344 3.150697
W 1.030710 5.526874 3.136220
W 1.911996 5.281998 5.137311
W 3.638851 5.170970 3.376235
W 4.427720 5.516838 4.170398
W 5.490832 5.773811 3.169202
W 5.712749 3.281589 4.233135
W 0.277153 5.787978 4.004067
W 1.445193 5.500154 4.087674
W 1.947116 5.843945 2.756600
W 2.537815 6.118417 4.317343
W 4.037411 0.029023 3.324005
W 5.517741 6.811948 2.147594
W 6.787120 6.545588 4.566148
W 0.019765 0.626842 4.073303
W 0.827975 1.159898 3.712799
W 1.641586 0.516755 4.941282
W 2.912881 0.078110 3.603259
W 4.085230 0.413189 4.478487
W 5.093937 6.857819 3.123974
W 5.841056 0.351580 4.226918
W 6.836262 1.417629 5.364662
W 0.711836 1.005583 4.760698
W 1.050124 0.075540 4.213277
W 2.042465 0.832484 3.648343
W 4.116647 0.758653 5.727515
W 4.430309 1.792120 3.873742
W 5.756728 1.480647 5.154827
W 0.174827 1.774074 4.271134
W 1.315452 2.754476 5.918050
W 1.916078 1.832871 5.215301
W 3.073255 3.057772 3.137053
W 3.942341 1.578106 4.755095
W 4.733037 2.315130 4.949783
W 0.177409 3.390313 6.021701
W 6.155827 2.326096 4.721540
W 1.520950 4.517127 4.294301
W 2.396951 2.410197 5.953376
W 2.562897 4.202109 5.941093
W 4.565358 3.866444 5.605439
W 4.726503 3.036119 3.564025
W 6.082823 3.205601 2.836371
W 6.943467 2.813361 4.021008
W 1.048353 3.341891 3.857724
W 3.084839 4.395732 3.976146
W 3.606390 4.129456 6.051167
W 4.856779 3.317303 4.780542
W 6.195250 4.315010 4.804072
W 6.648330 3.294297 5.057177
W 6.776335 3.892748 3.341306
W 0.668971 4.655444 3.654155
W 3.581218 6.160014 3.947547
W 3.901364 5.902785 5.028222
W 4.861813 4.735154 5.951740
W 3.841043 4.339232 4.937330
W 5.386252 5.136560 4.119392
W 1.305587 6.183560 5.172018
W 0.695195 5.820369 6.175819
W 3.167912 6.873433 4.827044
W 4.953220 6.456102 4.974798
W 4.774289 6.571406 4.014383
W 6.680368 6.553536 5.701624
W 6.712206 5.432014 4.935808
W 0.820040 0.136045 5.657126
W 0.418116 2.098927 6.250092
W 1.305955 1.210349 5.740250
W 2.754959 0.243766 5.758222
W 5.830991 6.075341 4.209761
W 5.083385 0.476096 5.122291
W 6.733505 0.627554 5.996896
W 6.434242 2.329178 5.798738
W 0.799518 1.936742 5.208311
W 2.673787 1.235572 4.495661
W 2.903038 2.122336 4.974760
