256
Caixa no tempo 5600
W 6.917747 6.451607 6.022714
W 0.548266 6.814707 0.187753
W 1.943706 0.699310 0.147793
W 2.388122 0.236550 6.292212
W 3.478726 6.564078 6.333579
W 4.394228 0.272255 6.451406
W 5.948423 6.976281 6.252982
W 6.874300 0.725309 6.549116
W 0.729735 1.411625 0.204144
W 1.558251 1.580504 6.568611
W 2.676809 1.201329 6.134718
W 3.716795 0.932097 5.818157
W 5.090362 1.026793 6.409844
W 5.916886 0.980041 6.985675
W 6.910035 1.727160 6.244068
W 0.863104 2.333352 6.295461
W 2.647353 2.302001 5.521623
W 3.193481 2.191227 6.356422
W 4.606380 1.711226 5.739076
W 5.775190 1.893015 6.037420
W 6.197343 2.773842 6.683015
W 0.697167 2.410085 0.447329
W 1.097686 3.285211 6.572688
W 2.249976 4.069706 5.700000
W 2.927625 3.225029 6.025247
W 4.335434 1.975195 6.704813
W 5.070033 2.846046 6.355930
W 6.277424 3.624288 0.328941
W 6.866452 3.661953 6.229523
W 0.798176 4.406930 6.155309
W 1.945804 4.481963 6.710406
W 2.928148 4.122975 6.678968
W 3.877359 3.380352 6.289381
W 4.670571 4.039274 6.327174
W 5.791128 3.537188 5.872803
W 6.835201 5.136072 6.088281
W 1.450441 4.883540 5.346718
W 2.114381 5.428447 6.881051
W 2.726743 4.939524 6.002230
W 4.458287 4.927732 5.866843
W 5.317339 5.453285 5.497566
W 6.080573 4.459789 5.416755
W 6.011382 5.872494 6.434950
W 1.386192 5.703071 6.262681
W 1.271178 6.983618 6.314371
W 2.303823 6.191810 6.014894
W 3.557520 5.303795 6.470012
W 4.725368 5.897754 6.499302
W 5.329976 5.984919 0.357603
W 6.588091 6.517162 0.048803
W 0.063210 6.723232 1.107590
W 1.282059 0.135861 1.006733
W 2.353882 0.407957 1.168385
W 2.868735 6.050659 0.020502
W 4.513326 6.628475 0.459001
W 5.676926 6.948203 0.493375
W 6.809086 1.169126 0.690838
W 0.449730 0.580354 1.422592
W 1.468171 1.096475 1.103717
W 2.704552 1.568723 0.297396
W 2.957875 0.436158 0.184026
W 5.089691 0.871106 0.596907
W 6.392175 1.278080 1.652554
W 0.599944 1.549810 1.264365
W 1.648079 2.018146 0.531362
W 2.294185 2.537589 6.966394
W 2.804863 2.341260 1.152597
W 3.965103 1.072135 6.832019
W 5.656854 2.013835 0.105031
W 6.394929 2.161471 0.843143
W 6.886183 3.315238 1.277626
W 1.050938 2.804292 1.288797
W 2.267036 3.354672 1.307338
W 3.151648 3.083267 0.295731
W 4.431554 2.540475 1.280811
W 5.444803 2.915926 0.524742
W 5.722149 3.685266 1.476314
W 0.237703 3.971265 0.217477
W 1.354194 3.897015 1.066295
W 1.990871 3.394524 0.309861
W 3.310012 4.154862 0.785666
W 4.470602 3.000216 0.205763
W 5.248024 4.274067 0.679201
W 6.177132 4.943960 0.262886
W 6.553962 4.317922 1.009284
W 0.948377 4.925711 0.219054
W 1.883512 4.886924 0.828599
W 2.884026 5.036657 0.270194
W 4.020880 4.478303 0.024834
W 4.932974 5.100629 0.049356
W 5.465977 5.350908 1.175509
W 0.198929 5.713275 6.896516
W 1.228092 5.952951 0.301399
W 2.073806 6.681445 0.501445
W 2.952064 5.597026 1.187042
W 4.065970 5.670884 0.462695
W 4.957147 6.155848 1.343588
W 6.478542 5.733240 0.846090
W 6.270664 0.326150 1.240242
W 0.865389 6.460180 1.891512
W 1.690331 0.142618 1.949888
W 2.990364 6.641828 1.522468
W 3.645878 0.476033 0.909327
W 5.252243 0.141660 1.487528
W 6.062471 6.061215 1.951359
W 0.025724 1.018965 2.436152
W 1.010626 0.544513 2.637587
W 2.159661 1.066504 1.859289
W 3.161017 1.376558 1.365041
W 4.222495 1.513872 1.132445
W 4.765050 0.966997 1.805861
W 5.657341 0.781692 2.215530
W 0.051347 2.210939 1.784802
W 1.273558 1.436222 2.237418
W 1.908966 2.028409 1.555155
W 2.666320 2.088422 2.270186
W 3.740202 2.196403 2.227642
W 5.441437 1.928549 1.237581
W 6.014662 1.654442 2.617289
W 6.739620 2.968923 2.491910
W 0.766563 2.535961 2.513033
W 1.692649 2.977497 2.280101
W 2.789527 3.040324 2.175735
W 3.660276 3.797219 2.305280
W 4.785233 3.373627 2.064021
W 6.077530 2.650994 1.768090
W 6.541896 4.008889 2.063777
W 0.653282 3.531954 2.107885
W 1.785920 4.179873 2.140908
W 2.848262 4.212243 2.658266
W 4.328668 3.614583 1.022943
W 4.527186 4.490331 2.723728
W 5.142388 4.393440 1.825791
W 0.322244 5.451162 2.234805
W 0.517518 4.550083 1.791112
W 2.334052 5.321619 2.236335
W 2.540561 4.586290 1.573490
W 3.659668 4.949323 2.429559
W 4.460126 4.913164 1.062877
W 5.975999 5.037276 2.335555
W 0.721434 5.480993 1.023747
W 1.359178 5.235417 1.805221
W 1.877933 6.036890 1.501211
W 3.188681 5.970973 2.474573
W 3.920663 5.926218 1.531546
W 4.998124 5.467551 2.057485
W 6.761386 6.015694 2.843055
W 6.955850 6.955156 2.394201
W 1.534419 6.925309 3.509868
W 2.475325 6.692160 3.557688
W 3.415378 6.820907 3.085201
W 4.152707 0.220841 2.422972
W 5.142547 1.055473 3.022042
W 5.937387 6.856070 2.748626
W 6.320328 0.754745 3.238247
W 0.564864 0.836898 3.505579
W 1.810618 1.114195 3.236952
W 3.157094 0.928144 2.346718
W 4.050603 0.666224 3.407755
W 4.756214 1.993382 3.271545
W 5.724821 0.930813 4.060660
W 6.947234 2.132222 3.122971
W 1.279134 1.916814 3.997906
W 1.638604 2.150112 2.989293
W 2.470977 2.371792 3.388348
W 3.266321 1.665019 3.069231
W 5.050567 2.079999 2.155353
W 5.910196 1.897354 3.697755
W 0.393563 3.401639 3.677719
W 1.159298 2.980203 4.252252
W 1.687908 3.161664 3.381557
W 3.327364 2.946853 3.109033
W 4.195684 2.676803 3.947508
W 4.900030 3.069555 3.048816
W 5.747646 2.603264 2.792955
W 0.157071 4.480535 3.090101
W 1.271810 4.034046 3.031612
W 2.044575 4.528468 3.285848
W 3.100434 4.066037 3.733506
W 4.092945 3.768044 3.381883
W 4.934628 4.258283 3.896344
W 5.712147 3.696210 2.494943
W 0.351173 5.448098 3.531208
W 1.158692 5.060800 2.959956
W 2.436629 5.244603 4.120780
W 2.923224 5.222662 3.247327
W 3.940153 4.896545 3.462238
W 5.277562 5.132050 3.258346
W 5.957427 4.292611 3.412682
W 0.877806 6.201574 3.225825
W 1.367042 5.681311 4.080248
W 1.981619 5.896323 3.262650
W 3.318176 6.045757 3.642139
W 4.409866 6.307283 3.454135
W 4.998706 6.588645 2.423987
W 6.237736 5.807234 3.894622
W 0.018999 6.956046 3.503301
W 0.786908 6.522001 4.209042
W 2.071393 0.075308 5.085410
W 3.210099 0.324231 4.048111
W 4.126928 6.912033 4.562745
W 4.895776 0.144954 3.890184
W 6.079481 6.920051 4.105793
W 6.741851 0.843004 4.246945
W 0.471396 1.049273 5.127781
W 1.282050 0.346225 4.527180
W 2.598717 1.186879 3.870201
W 3.699766 0.771505 4.779791
W 4.617775 0.916709 4.518981
W 5.283306 1.070087 5.438479
W 6.981045 1.817574 4.077593
W 1.194835 2.831902 5.206681
W 2.291109 1.975384 4.389480
W 3.192741 2.741439 4.061501
W 3.756624 1.594212 4.006277
W 5.160442 2.020172 4.625815
W 6.632391 2.681455 5.223603
W 0.422321 2.149156 4.992417
W 1.336038 3.794847 4.950462
W 2.268425 3.259181 4.206873
W 3.379657 3.184043 4.974831
W 5.141419 2.711717 5.372851
W 5.294125 3.125460 4.112110
W 6.577322 2.983764 4.156171
W 0.167085 3.594155 4.994377
W 1.287833 4.710916 4.386754
W 2.628973 4.125829 4.747860
W 3.344876 4.058843 5.630322
W 3.953652 4.027065 4.402074
W 4.905306 3.740248 5.038689
W 5.935221 3.881747 4.645968
W 6.965843 4.572343 4.169162
W 0.128475 4.681273 5.154034
W 2.560506 5.530064 5.219995
W 3.408377 4.855050 4.416214
W 3.577376 5.006701 5.460738
W 4.516650 4.900790 4.778990
W 5.615452 5.068834 4.277638
W 0.340627 5.503257 4.551847
W 1.344522 6.170431 5.155465
W 2.410174 6.298470 4.469439
W 3.456837 5.966294 4.865376
W 4.919846 5.840596 4.405858
W 5.935501 6.206131 4.847357
W 6.368564 5.327368 5.224593
W 0.205963 6.572487 5.013838
W 0.705113 0.778301 6.133377
W 1.707878 0.856705 5.764089
W 3.100442 0.148985 5.452885
W 4.345403 5.973280 5.521900
W 5.150726 0.009588 5.092364
W 6.204116 0.297006 5.262904
W 6.119293 1.536597 5.013491
W 1.318478 1.766990 5.487631
W 2.644601 1.238244 5.140848
W 4.163183 2.309280 5.082066
