256
Caixa no tempo 5700
W 6.890167 6.472610 6.004324
W 0.537044 6.825739 0.217324
W 1.930770 0.693364 0.173251
W 2.405112 0.245379 6.284263
W 3.518178 6.555863 6.333417
W 4.395314 0.256779 6.447899
W 5.942798 0.024415 6.285464
W 6.812226 0.743158 6.579098
W 0.719521 1.434534 0.198920
W 1.578749 1.595102 6.553697
W 2.680708 1.196930 6.124830
W 3.712250 0.946561 5.793286
W 5.089880 1.035747 6.387884
W 5.915403 0.974111 0.049649
W 6.895863 1.702990 6.236990
W 0.861956 2.320664 6.306181
W 2.664208 2.316953 5.488788
W 3.204985 2.171612 6.359824
W 4.582660 1.756531 5.740822
W 5.791500 1.899437 6.011663
W 6.207886 2.797130 6.679336
W 0.698068 2.401865 0.468386
W 1.094782 3.260765 6.543686
W 2.284004 4.125020 5.644526
W 2.879686 3.246433 6.006086
W 4.369863 1.966079 6.721563
W 5.073788 2.865746 6.352489
W 6.253831 3.627137 0.311977
W 6.850899 3.641548 6.266147
W 0.804967 4.422958 6.158361
W 1.969624 4.473957 6.738234
W 2.956022 4.115848 6.701199
W 3.880074 3.364118 6.288569
W 4.705682 4.012311 6.354290
W 5.802501 3.519466 5.874232
W 6.811876 5.154886 6.111451
W 1.406212 4.879629 5.346761
W 2.137870 5.439647 6.913915
W 2.755405 4.926334 5.995195
W 4.498760 4.963446 5.860270
W 5.319423 5.435740 5.468514
W 6.093896 4.439160 5.442762
W 5.992332 5.857968 6.435379
W 1.354916 5.710344 6.235188
W 1.266350 0.011331 6.330851
W 2.292846 6.202750 6.025748
W 3.575128 5.309125 6.428367
W 4.753482 5.925405 6.477947
W 5.320940 5.994977 0.368281
W 6.602036 6.499491 0.069684
W 0.041478 6.690023 1.133070
W 1.269597 0.144133 1.024596
W 2.345867 0.435783 1.181790
W 2.858320 6.047290 0.046691
W 4.501198 6.617066 0.467131
W 5.688523 6.957369 0.467443
W 6.797415 1.160326 0.683074
W 0.424603 0.588768 1.410802
W 1.488750 1.111065 1.100735
W 2.691770 1.596284 0.311818
W 2.916750 0.433428 0.211782
W 5.076895 0.875220 0.574159
W 6.414694 1.274619 1.656277
W 0.603820 1.545122 1.293888
W 1.683457 1.958975 0.561754
W 2.302513 2.518990 6.971243
W 2.808643 2.360047 1.161726
W 3.980838 1.067893 6.840441
W 5.684023 1.998854 0.120991
W 6.401442 2.167866 0.847162
W 6.879397 3.316156 1.306141
W 1.071471 2.824464 1.322152
W 2.244144 3.365553 1.274390
W 3.156395 3.089890 0.317219
W 4.434669 2.556924 1.278821
W 5.419253 2.884876 0.544201
W 5.717419 3.670423 1.471217
W 0.255497 3.976255 0.230625
W 1.359207 3.875237 1.076194
W 1.980495 3.380508 0.330769
W 3.282466 4.148451 0.826352
W 4.478984 2.973276 0.223910
W 5.243755 4.260780 0.686767
W 6.165844 4.931485 0.284413
W 6.538789 4.321291 1.049026
W 0.960043 4.945006 0.229060
W 1.890046 4.876182 0.819785
W 2.900851 5.016295 0.300179
W 4.018183 4.450741 0.030242
W 4.904035 5.092254 0.068413
W 5.442233 5.331990 1.173302
W 0.212381 5.680786 6.932446
W 1.247146 5.913432 0.276674
W 2.073357 6.703624 0.477031
W 2.915706 5.582391 1.179229
W 4.031550 5.681044 0.477274
W 4.920505 6.164141 1.321162
W 6.485198 5.729497 0.858187
W 6.278333 0.332164 1.230241
W 0.893080 6.470923 1.866333
W 1.685190 0.133485 1.986644
W 3.002527 6.627680 1.502589
W 3.640852 0.480040 0.910831
W 5.251719 0.139526 1.474282
W 6.044346 6.038203 1.929566
W 0.015170 0.994960 2.441619
W 1.013581 0.508471 2.640211
W 2.158208 1.079344 1.869588
W 3.163060 1.408091 1.364119
W 4.236173 1.522306 1.120835
W 4.736208 0.991216 1.806726
W 5.676466 0.775587 2.209542
W 0.068021 2.196515 1.777097
W 1.249811 1.426665 2.245369
W 1.890418 2.026860 1.545212
W 2.667836 2.074987 2.281151
W 3.771017 2.199977 2.213217
W 5.469492 1.934618 1.263153
W 6.023285 1.661793 2.601444
W 6.758878 2.944224 2.497794
W 0.772898 2.543737 2.508348
W 1.699467 2.989451 2.256435
W 2.778259 3.038849 2.167289
W 3.668250 3.776048 2.279308
W 4.787950 3.383934 2.031642
W 6.079516 2.668021 1.738825
W 6.531150 3.996489 2.067209
W 0.665382 3.521496 2.127192
W 1.775494 4.184636 2.167495
W 2.862669 4.186118 2.656957
W 4.338836 3.588731 1.015282
W 4.529058 4.533354 2.717327
W 5.087713 4.387278 1.838342
W 0.323661 5.447547 2.259063
W 0.503253 4.579624 1.788471
W 2.367121 5.355014 2.215850
W 2.570292 4.562051 1.571037
W 3.650419 4.985662 2.411880
W 4.455815 4.899576 1.086793
W 5.977956 5.035390 2.310538
W 0.691635 5.484906 1.017312
W 1.347390 5.213960 1.790597
W 1.868600 6.026273 1.519899
W 3.210405 5.988400 2.469350
W 3.922703 5.909514 1.528583
W 4.963398 5.457954 2.077497
W 6.787751 6.036575 2.843946
W 6.956285 6.949724 2.367639
W 1.539558 6.929793 3.509554
W 2.487582 6.696359 3.542238
W 3.428906 6.856936 3.057332
W 4.123975 0.184493 2.425997
W 5.150572 1.060007 3.044192
W 5.935881 6.837963 2.740822
W 6.302468 0.755333 3.215317
W 0.552437 0.845336 3.514949
W 1.795727 1.115727 3.209028
W 3.155568 0.902479 2.364295
W 4.075037 0.663171 3.382434
W 4.730776 1.997685 3.294020
W 5.725429 0.934495 4.060696
W 6.943096 2.156006 3.126360
W 1.259794 1.909241 3.999092
W 1.598721 2.155307 2.996522
W 2.486619 2.404981 3.391796
W 3.220013 1.677519 3.060360
W 5.023599 2.059060 2.153827
W 5.917092 1.909327 3.717600
W 0.423110 3.425611 3.658938
W 1.165364 2.980483 4.236212
W 1.674902 3.207422 3.356140
W 3.359718 2.953403 3.120651
W 4.204737 2.690002 3.976437
W 4.910496 3.106639 3.037287
W 5.757309 2.612332 2.796171
W 0.156266 4.493170 3.080368
W 1.278217 4.003649 3.053572
W 2.040692 4.538904 3.308624
W 3.105984 4.081135 3.710840
W 4.072477 3.794032 3.367613
W 4.974736 4.250370 3.921788
W 5.711965 3.688669 2.488352
W 0.336330 5.462794 3.517535
W 1.151867 5.094722 2.945595
W 2.445508 5.234839 4.120656
W 2.910052 5.200814 3.229636
W 3.928434 4.897812 3.496718
W 5.249792 5.128591 3.278782
W 5.978110 4.245035 3.409137
W 0.905102 6.205007 3.224662
W 1.366358 5.706808 4.061406
W 1.984044 5.880075 3.286138
W 3.313553 6.054904 3.653193
W 4.415494 6.323732 3.446961
W 4.991925 6.587624 2.394625
W 6.241661 5.822199 3.905276
W 6.985506 6.944763 3.464025
W 0.769142 6.504830 4.200567
W 2.067950 0.051274 5.079093
W 3.216167 0.337757 4.048976
W 4.180513 6.922809 4.578363
W 4.901605 0.138045 3.886634
W 6.060484 6.919957 4.102749
W 6.758322 0.855457 4.235974
W 0.445326 1.025724 5.135624
W 1.282133 0.302549 4.489690
W 2.577580 1.169596 3.849834
W 3.707886 0.798502 4.780593
W 4.626509 0.909834 4.529946
W 5.303896 1.044790 5.449499
W 6.975994 1.822819 4.056271
W 1.206279 2.852488 5.186856
W 2.319823 2.008847 4.392544
W 3.192925 2.740081 4.032951
W 3.744922 1.594794 4.024073
W 5.174405 2.030229 4.629556
W 6.622848 2.691397 5.252179
W 0.462733 2.156322 4.963505
W 1.341737 3.800837 4.923605
W 2.248653 3.223047 4.210869
W 3.360836 3.184586 4.974834
W 5.150865 2.695596 5.375118
W 5.279517 3.126954 4.122727
W 6.557114 2.965547 4.121172
W 0.186908 3.609605 4.976681
W 1.247155 4.740212 4.382116
W 2.628249 4.147627 4.762451
W 3.379264 4.042415 5.637872
W 3.926162 4.028596 4.399859
W 4.887631 3.795624 5.033418
W 5.904910 3.846053 4.618846
W 6.971143 4.552697 4.135479
W 0.124250 4.650541 5.138336
W 2.583023 5.528522 5.204230
W 3.436853 4.841190 4.397759
W 3.567731 5.006280 5.468877
W 4.496627 4.902837 4.772009
W 5.628709 5.074739 4.300280
W 0.322335 5.511889 4.558545
W 1.343332 6.145584 5.137884
W 2.438354 6.307638 4.454238
W 3.453854 5.962125 4.867532
W 4.930456 5.835731 4.423121
W 5.996814 6.192741 4.855078
W 6.358840 5.331414 5.224712
W 0.231980 6.602339 5.019890
W 0.727565 0.801922 6.178420
W 1.700487 0.878894 5.747626
W 3.090447 0.134657 5.433679
W 4.343631 5.974901 5.503384
W 5.154122 0.004639 5.107417
W 6.192831 0.315372 5.279716
W 6.106822 1.524017 4.969880
W 1.347854 1.760171 5.492140
W 2.615183 1.228183 5.140007
W 4.208303 2.309852 5.084706
