108
Caixa no tempo 600
W 0.100376 6.640500 5.942043
W 0.846480 6.715107 6.620216
W 1.839317 0.358676 6.803587
W 2.894228 0.043355 6.610420
W 3.648799 6.405202 6.148413
W 4.609227 6.878048 6.211713
W 5.670985 6.677752 6.194284
W 6.824263 0.655631 6.095798
W 0.634123 0.815559 0.042324
W 1.545720 1.534963 6.627337
W 2.636428 1.062683 6.213124
W 3.878148 0.703363 6.265281
W 4.799391 0.774881 6.873864
W 5.906499 1.213855 6.876214
W 6.967507 1.808620 6.488013
W 0.938436 2.389001 6.227041
W 2.199722 2.077029 5.919552
W 3.171917 1.920150 6.502663
W 4.389222 1.711770 6.151360
W 5.518924 1.844320 6.040124
W 5.993032 2.301208 6.792483
W 0.053457 2.864472 6.704925
W 1.089658 3.239210 0.210298
W 1.874686 3.075961 6.373590
W 2.872280 3.043296 5.871712
W 4.136846 2.574693 6.938468
W 4.832741 2.932089 6.128869
W 5.962628 3.479290 6.941071
W 6.666081 3.843057 6.264374
W 0.963900 4.018291 6.397663
W 1.864588 4.466154 6.785934
W 3.010888 4.029037 6.657001
W 3.993546 3.580597 6.467091
W 5.033150 3.924560 6.747930
W 5.521163 3.835618 5.935763
W 0.189801 4.898435 6.549982
W 1.391894 5.084954 5.735075
W 2.080303 5.467902 6.817198
W 3.135666 4.924860 6.074481
W 4.389457 4.759986 6.131375
W 5.303220 5.342924 5.945371
W 6.142992 4.687935 6.253683
W 6.471060 5.849335 5.967796
W 0.641075 5.709070 6.111559
W 1.727524 6.260056 6.230145
W 2.812559 5.894682 6.173816
W 3.797628 5.542791 6.823059
W 4.808459 5.914163 6.762671
W 5.983008 5.915215 6.782671
W 6.658688 6.949434 6.810091
W 0.306103 6.684909 0.613205
W 1.449979 0.027753 0.703331
W 2.728546 0.349738 0.857145
W 3.280175 6.298852 0.248039
W 4.486346 6.849756 0.344051
W 5.722105 0.061463 0.896560
W 6.726459 0.800182 0.683227
W 0.741944 0.816649 1.268852
W 1.691317 1.262240 1.006329
W 2.483130 1.309909 0.252178
W 3.698445 0.450978 0.276284
W 4.735081 0.910904 1.004034
W 6.045256 1.326626 1.520672
W 0.081527 1.891567 0.451978
W 1.250710 2.049234 0.401228
W 2.260660 2.371724 0.085397
W 3.189041 2.129522 0.925851
W 3.978986 1.619473 0.450822
W 5.015799 1.866982 0.064186
W 6.059178 2.399580 0.862686
W 6.964061 2.915267 0.722715
W 1.138376 2.831020 1.228252
W 2.153294 3.237596 1.263433
W 3.245153 3.157168 0.341131
W 4.033666 2.591998 0.999912
W 5.202686 2.959478 0.608115
W 6.231617 3.517253 1.190435
W 0.143539 3.957322 0.277828
W 1.056160 4.141695 0.806338
W 2.267901 4.131103 0.762596
W 3.354718 4.170649 0.978008
W 4.253390 3.628086 0.544860
W 5.314069 4.079045 0.764143
W 6.166636 4.467866 0.320115
W 0.073569 4.752448 0.932747
W 1.015707 5.115195 0.104468
W 1.709424 5.039337 1.091964
W 2.809325 4.974394 0.408333
W 4.221426 4.631231 0.387337
W 5.250913 4.899995 6.925907
W 6.046320 4.996315 1.253522
W 6.973859 5.809133 0.075317
W 1.265192 5.988351 0.680061
W 2.232438 6.412541 0.326813
W 3.227228 5.813283 1.414385
W 4.122068 5.849028 0.919463
W 5.214460 5.959310 0.806231
W 6.265128 6.130633 1.138632
W 6.690160 0.069532 1.410114
W 0.687624 6.624444 1.683946
W 1.728468 6.961532 1.869549
W 2.980979 0.008010 1.828154
W 3.902870 0.449325 1.520360
W 4.947820 0.112371 1.610759
W 5.802012 6.599276 1.972591
W 0.045171 1.335213 2.007153
W 1.061125 0.764147 2.294820
W 2.225567 1.022393 1.966247
W 3.078022 1.248890 1.394613
W 4.095274 1.576259 1.631841
W 5.107907 1.227427 2.060170
W 6.168671 0.673272 2.319031
W 6.798770 2.411072 1.820667
W 1.057367 1.886110 1.591597
W 2.262346 1.948760 1.513721
W 3.019587 1.797350 2.407464
W 3.879359 2.460533 2.117538
W 5.090459 1.876514 1.244937
W 5.805685 1.897202 2.596237
W 6.810728 3.253092 2.543162
W 0.934179 2.566863 2.690110
W 1.817756 2.849991 2.190219
W 2.813864 2.716286 1.853345
W 3.813681 3.405997 2.482559
W 4.897335 3.428875 2.010894
W 5.820150 2.774910 1.934612
W 6.738625 4.441127 1.928088
W 0.582368 3.667818 1.834544
W 1.824413 4.068731 1.822330
W 2.911664 4.013099 2.415136
W 4.272438 4.153883 1.544184
W 4.808961 4.332561 2.590611
W 5.692209 4.104496 1.897316
W 0.093301 5.341860 2.302871
W 0.801374 4.707061 1.837299
W 1.962582 5.013469 2.248396
W 2.665942 4.775101 1.501261
W 3.785384 5.010693 2.008246
W 4.871739 4.912523 1.232457
W 5.967576 4.924096 2.537782
W 0.201863 5.731619 1.155596
W 1.154841 5.658484 2.069247
W 2.087945 5.991759 1.451233
W 3.006212 5.855843 2.513500
W 4.135735 6.431423 1.902070
W 5.186081 5.642797 2.005538
W 6.317623 5.908709 2.818680
W 0.237976 0.208728 2.577553
W 1.231128 0.098141 3.168890
W 2.391815 6.954397 3.257018
W 3.348568 6.749037 2.937014
W 4.226762 0.136410 2.632610
W 5.263750 0.578339 2.839838
W 6.136911 6.857764 3.115271
W 6.674757 1.269906 3.130204
W 0.695984 0.877519 3.666562
W 1.931488 0.925785 3.386507
W 3.236729 0.837528 2.719543
W 3.924237 0.791235 3.442843
W 5.041673 1.530855 3.258150
W 5.944167 0.729235 3.703430
W 6.938920 2.247890 2.943448
W 0.741547 1.923991 3.657040
W 1.527203 1.718906 2.712558
W 2.412469 1.915263 3.596527
W 3.930895 1.884084 3.146525
W 4.884525 2.232056 2.469904
W 5.975241 1.777656 3.710782
W 0.191487 3.003412 3.545616
W 1.072026 2.902840 4.122110
W 1.815308 2.763778 3.288952
W 3.128726 2.595504 3.201505
W 4.342987 2.705358 3.779175
W 4.959011 3.187962 3.020143
W 5.896940 2.799340 3.203947
W 0.099643 4.275757 2.971580
W 1.130430 3.541120 2.863590
W 1.864244 4.074163 3.332009
W 2.949728 3.986810 3.714788
W 4.196287 3.879230 3.448438
W 5.157197 4.263565 3.859777
W 5.763948 3.936229 3.065546
W 0.074079 5.245856 3.403103
W 0.984721 4.807345 2.820864
W 2.272701 5.198112 3.787075
W 3.021022 4.896521 2.942564
W 4.333615 5.043263 3.333968
W 5.334592 5.580690 3.427315
W 6.031315 4.737031 3.593065
W 0.515899 6.127235 2.842005
W 1.021717 5.658423 3.755266
W 1.675791 6.169919 2.897365
W 3.072983 5.928910 3.711043
W 4.176562 6.044579 2.836988
W 5.136398 6.522789 2.687880
W 6.205758 5.760774 4.044873
W 0.074591 6.800475 3.666475
W 0.908467 6.629123 4.389118
W 1.822974 0.018631 4.950160
W 2.834280 6.925539 4.313329
W 3.884133 6.699112 4.014312
W 4.922369 6.679662 3.781614
W 6.121966 6.766148 4.316359
W 6.763350 0.841483 4.502356
W 0.786371 1.099319 4.728524
W 1.775178 1.093269 4.593126
W 2.869173 1.018315 4.094016
W 4.000010 0.737638 4.844898
W 4.944438 0.886120 4.019964
W 5.631685 1.363396 4.837812
W 6.882309 1.848016 4.181443
W 1.100772 2.369617 5.210034
W 1.806434 2.196693 4.316907
W 2.911517 2.260992 4.457877
W 3.924990 1.712080 4.316497
W 5.130476 1.979120 4.293217
W 6.043637 2.223567 5.167632
W 6.923011 2.948187 5.597647
W 1.284036 3.430077 5.308241
W 2.289724 3.223765 4.213959
W 3.535636 3.062850 4.929373
W 4.708357 2.560421 5.220746
W 5.294400 3.126876 4.077230
W 6.401518 2.779109 4.280950
W 0.204043 3.578470 4.574479
W 1.288612 3.881739 4.164540
W 2.339327 4.250250 4.594615
W 2.960529 3.936542 5.446563
W 4.064003 3.855161 4.550907
W 5.136860 3.900402 4.845484
W 6.139785 3.789303 4.144473
W 6.722402 4.719477 4.447581
W 0.855921 4.674149 4.698052
W 2.132948 5.478611 4.988181
W 3.397257 4.870397 4.122699
W 3.638208 5.167946 5.292562
W 4.598880 4.917243 5.122056
W 5.538992 4.919480 4.620193
W 0.187670 5.806718 4.520937
W 1.258605 6.018228 5.204350
W 2.032589 6.189731 4.198665
W 3.018231 6.043165 4.941040
W 4.346644 5.669944 4.276211
W 5.250546 6.037450 4.729897
W 6.218561 5.546777 4.981085
W 6.868420 6.743633 4.977314
W 0.931252 0.337190 5.350294
W 1.893938 0.563435 5.830652
W 3.094593 0.438769 5.429771
W 4.038156 6.325603 5.095114
W 4.740874 0.062823 4.789304
W 5.791520 0.232160 5.235005
W 6.809087 1.439564 5.235751
W 1.424153 1.430648 5.643044
W 2.623375 1.312981 5.162017
W 3.576471 2.333730 5.538471
