256
Caixa no tempo 6300
W 6.675495 6.574138 5.976994
W 0.583578 6.937839 0.340823
W 1.698004 0.797623 0.214493
W 2.458406 0.212144 6.259170
W 3.690418 6.450865 6.311192
W 4.501518 0.088593 6.388585
W 5.828746 0.205850 6.398713
W 6.694573 0.692162 6.673113
W 0.687151 1.471500 0.210051
W 1.781415 1.627595 6.480884
W 2.717657 1.287133 6.208432
W 3.719104 1.067763 5.862619
W 5.061520 1.113118 6.493320
W 5.804834 0.962641 0.398895
W 6.838721 1.645583 6.163198
W 0.768204 2.135207 6.337292
W 2.749641 2.379750 5.307373
W 3.332172 2.073934 6.431544
W 4.583611 1.823145 5.854515
W 5.851182 1.948743 5.853622
W 6.221913 2.753833 6.623304
W 0.666888 2.469876 0.599634
W 1.105613 3.273360 6.410253
W 2.160938 4.250455 5.588121
W 2.531255 3.306904 5.951729
W 4.646819 1.960402 6.910721
W 5.098637 2.903420 6.467225
W 6.063197 3.711835 0.289108
W 6.828897 3.600568 6.421113
W 0.790573 4.483130 6.247463
W 2.054251 4.330446 6.862646
W 3.119530 3.978941 6.778072
W 3.915520 3.204479 6.349795
W 4.965834 3.893895 6.509513
W 5.841003 3.343074 5.876631
W 6.712433 5.192907 6.269124
W 1.209875 4.914735 5.396542
W 2.164096 5.437334 6.917223
W 2.796416 4.970222 6.230583
W 4.656864 5.056964 5.972895
W 5.409701 5.422472 5.263197
W 6.153719 4.297644 5.625636
W 5.854436 5.780771 6.434481
W 1.133481 5.733120 6.040569
W 1.371530 6.928871 6.473985
W 2.233564 6.204652 6.077334
W 3.797594 5.451758 6.397609
W 4.884249 6.127888 6.333140
W 5.376680 5.979265 0.388456
W 6.545926 6.418533 0.170894
W 0.008538 6.416557 1.306694
W 1.248420 0.074953 1.060586
W 2.391355 0.475947 1.196642
W 3.026259 6.206545 0.236616
W 4.359162 6.716162 0.398954
W 5.670268 6.960727 0.374050
W 6.823652 1.134451 0.636278
W 0.250177 0.550060 1.435762
W 1.543397 1.011570 1.269052
W 2.798909 1.558598 0.409910
W 2.815215 0.421608 0.271480
W 4.788731 0.878834 0.541266
W 6.530990 1.384352 1.611646
W 0.714078 1.597242 1.308698
W 1.751702 1.875185 0.490134
W 2.380987 2.471139 6.832463
W 2.810283 2.547918 1.196165
W 3.965143 1.013624 6.977861
W 5.744147 1.927168 0.119360
W 6.582481 2.227501 0.847691
W 6.911452 3.279394 1.414391
W 1.107599 2.888150 1.468199
W 2.270250 3.401954 1.330038
W 3.200465 3.143752 0.423022
W 4.491712 2.576949 1.303860
W 5.408811 2.771734 0.767676
W 5.703337 3.599108 1.328284
W 0.400371 4.023892 0.336195
W 1.261517 3.890321 1.148685
W 1.822947 3.398910 0.211635
W 3.281273 3.933892 0.975773
W 4.328494 2.868816 0.253325
W 5.215953 4.182544 0.700746
W 6.043961 4.852219 0.325110
W 6.454161 4.404023 1.225054
W 1.075175 4.783796 0.188793
W 1.930327 4.817145 0.829846
W 3.136453 4.860076 0.433466
W 4.004826 4.299351 0.112844
W 4.748471 5.017119 0.173792
W 5.424832 5.115041 1.152010
W 0.268989 5.524831 0.144901
W 1.246940 6.004519 0.232877
W 2.035791 6.663180 0.319122
W 2.688664 5.532055 1.167754
W 3.803671 5.672980 0.496331
W 4.756580 6.188348 1.287897
W 6.444339 5.637032 0.936325
W 6.263675 0.392663 1.207274
W 0.911811 6.431569 1.775644
W 1.865340 0.068500 2.137160
W 3.075810 6.550680 1.382929
W 3.693030 0.517714 0.990137
W 5.243622 0.173121 1.349034
W 5.915468 5.976741 1.774567
W 0.066606 0.953309 2.514959
W 0.862230 0.269394 2.719884
W 2.180435 1.141600 2.125620
W 3.169824 1.507879 1.397682
W 4.245411 1.621194 0.922852
W 4.595677 1.051263 1.912857
W 5.806061 0.660739 2.149361
W 0.002531 2.270814 1.823080
W 1.043119 1.429357 2.264590
W 1.743397 2.123869 1.656877
W 2.615004 2.034915 2.243043
W 3.914903 2.227640 2.122193
W 5.573719 1.853969 1.316475
W 6.120001 1.689601 2.526518
W 6.788280 3.066703 2.441147
W 0.760838 2.551570 2.432365
W 1.795824 3.092452 2.214984
W 2.815066 3.151018 2.143218
W 3.837418 3.607719 2.076429
W 4.791657 3.335209 1.880951
W 6.054661 2.724247 1.684886
W 6.632468 3.990377 2.204921
W 0.730350 3.592579 2.214008
W 1.743803 4.209362 2.260225
W 2.816756 4.084260 2.616162
W 4.352970 3.653148 0.987421
W 4.483175 4.670330 2.770514
W 4.910089 4.371138 1.835803
W 0.369726 5.471559 2.333921
W 0.373051 4.542916 1.688051
W 2.533463 5.502434 2.171031
W 2.648823 4.475116 1.691529
W 3.576130 5.135220 2.257268
W 4.307895 4.862036 1.170303
W 5.979758 4.942026 2.169812
W 0.463781 5.559854 1.145564
W 1.341720 5.046145 1.757645
W 1.871893 6.085148 1.532660
W 3.345009 6.163649 2.451766
W 3.834108 5.771383 1.587129
W 4.749428 5.463445 2.212348
W 6.748858 6.092662 2.838300
W 6.977316 6.907649 2.129253
W 1.564805 0.079921 3.426202
W 2.516946 6.788488 3.405736
W 3.426671 0.055610 3.022619
W 4.132956 0.094910 2.167402
W 5.196434 1.075142 3.191125
W 5.966881 6.724365 2.726733
W 6.182526 0.769821 3.123593
W 0.559475 0.950642 3.529227
W 1.646339 1.074980 3.004154
W 3.147827 0.746077 2.420247
W 4.229277 0.704442 3.289521
W 4.591493 2.042257 3.421476
W 5.647209 0.951477 4.073002
W 6.907627 2.181158 3.084072
W 1.142907 1.821576 4.012016
W 1.466182 2.130063 3.070363
W 2.505227 2.547045 3.301456
W 3.101041 1.693786 3.183307
W 4.861548 1.981216 2.263239
W 5.944207 2.008724 3.779518
W 0.456058 3.553746 3.546511
W 1.154387 2.928237 4.075093
W 1.775243 3.153134 3.208706
W 3.607286 3.025799 2.940885
W 4.255056 2.828544 4.011272
W 4.830376 3.322433 3.079282
W 5.845041 2.681679 2.851727
W 0.138356 4.541356 2.885278
W 1.025273 4.203476 3.004229
W 2.040834 4.615603 3.471030
W 3.063137 4.174777 3.611763
W 4.030621 3.921555 3.249189
W 5.136986 4.206419 4.035318
W 5.628157 3.652832 2.517481
W 0.225149 5.435269 3.543310
W 1.202519 5.241437 2.877889
W 2.424871 5.211093 4.180969
W 2.918380 5.082254 3.044330
W 3.965637 4.943674 3.545031
W 5.129998 5.156584 3.436221
W 6.124633 3.978151 3.423357
W 1.006167 6.229188 2.988567
W 1.398133 5.764474 4.063603
W 2.106772 5.716077 3.228883
W 3.345814 6.016111 3.782941
W 4.382898 6.368479 3.359658
W 4.986468 6.501926 2.226026
W 6.332226 5.906624 3.878972
W 6.893594 0.022683 3.361879
W 0.485893 6.410046 4.025934
W 2.040371 6.916988 5.155189
W 3.267078 0.326672 4.021414
W 4.342037 6.849052 4.679828
W 5.065875 0.145610 3.792092
W 5.990204 6.935560 4.046729
W 6.761920 0.770248 4.257141
W 0.295322 0.894521 5.192975
W 1.259076 0.252033 4.424526
W 2.506755 1.079055 3.774946
W 3.584170 0.982438 4.798059
W 4.810228 0.972569 4.565298
W 5.406560 0.958955 5.356007
W 6.978235 1.874111 4.090784
W 1.318265 2.902428 5.322172
W 2.437240 2.147053 4.399982
W 3.250796 2.697431 4.135483
W 3.686956 1.671272 4.066291
W 5.226455 1.974012 4.509729
W 6.510389 2.761485 5.443600
W 0.672957 2.152728 4.795051
W 1.413210 3.959221 4.742913
W 2.174921 3.100996 4.312412
W 3.250728 3.208098 5.015634
W 5.277639 2.699281 5.373258
W 5.173779 3.041493 4.132105
W 6.425050 2.854645 3.919576
W 0.326941 3.534686 4.812025
W 0.935436 4.820492 4.226720
W 2.756236 4.246046 4.499828
W 3.594243 3.999368 5.650170
W 3.904795 3.802078 4.426186
W 4.793936 4.091425 5.040050
W 5.881989 3.707153 4.509500
W 6.975207 4.417470 3.961151
W 0.183946 4.570731 5.159839
W 2.587309 5.476954 5.142094
W 3.365896 5.034069 4.402634
W 3.643839 5.094472 5.346017
W 4.413528 4.939200 4.703229
W 5.748980 5.008057 4.452084
W 0.229882 5.595239 4.639387
W 1.341511 6.002554 5.029018
W 2.589536 6.289549 4.401163
W 3.516440 6.013160 4.790548
W 4.954383 5.913079 4.505933
W 6.244012 6.410433 4.909773
W 6.444415 5.280509 5.216077
W 0.326645 6.820291 5.107024
W 0.832609 1.068293 6.310148
W 1.737313 0.775215 5.687154
W 3.085374 0.037207 5.306432
W 4.346117 6.006637 5.368955
W 5.232736 6.900129 5.202755
W 6.247582 0.385319 5.328463
W 6.159075 1.502792 4.734627
W 1.471118 1.902516 5.437636
W 2.457065 1.148377 4.988251
W 4.250924 2.463244 4.943340
