256
Caixa no tempo 7600
W 6.321557 6.483587 6.167071
W 0.402699 0.210929 0.496880
W 1.361373 0.683881 0.083732
W 2.611073 0.033445 6.177191
W 3.676188 6.649248 6.127876
W 4.410536 0.379170 6.197277
W 5.587467 0.376463 6.176924
W 6.938712 0.535765 6.367984
W 0.617302 1.665937 0.163795
W 1.693797 1.721294 6.449647
W 2.910835 1.201883 6.372602
W 4.044775 1.254873 5.864956
W 5.244198 1.245714 6.747368
W 5.577573 0.826071 0.729193
W 6.697761 1.513764 6.072963
W 0.723824 2.356619 6.251317
W 2.892367 2.185032 5.524325
W 3.865891 2.007234 6.816219
W 4.785695 2.003986 5.921081
W 5.774792 2.107475 5.849688
W 6.544493 2.641714 6.505992
W 0.684485 2.835714 0.350242
W 0.857504 3.486717 6.263523
W 1.847177 4.315594 5.584301
W 2.109197 3.501156 6.130249
W 4.714871 1.837217 0.491521
W 5.223300 2.598819 6.747659
W 6.069631 3.542082 0.261025
W 6.839410 3.664906 6.615021
W 0.576418 4.489884 6.293462
W 2.351743 4.315170 6.824974
W 3.141244 3.615765 6.437009
W 3.933528 3.017172 6.228008
W 5.087489 4.050479 6.577046
W 5.771967 3.311698 6.075667
W 6.689129 4.960190 6.466587
W 1.138957 4.997258 5.122712
W 1.997589 5.520555 0.203576
W 3.254490 4.815629 6.478503
W 5.111823 4.983393 6.158906
W 5.455911 5.524653 5.403510
W 6.360851 4.237291 5.865881
W 5.887387 5.613904 6.371742
W 0.616737 5.900745 6.087268
W 1.371753 6.897475 6.366181
W 2.008368 5.941939 6.184605
W 4.112331 5.489842 6.488117
W 4.978511 6.248798 6.371825
W 5.564718 5.766309 0.409020
W 6.423628 6.193646 0.106262
W 6.843612 6.282073 1.204367
W 1.433915 0.103779 0.975479
W 2.537441 0.604582 1.483522
W 3.113884 6.367479 0.120273
W 4.140522 6.883725 0.147310
W 5.367214 6.792178 0.329225
W 6.752893 1.075021 0.422877
W 0.460530 0.563448 1.407022
W 1.368204 1.041129 1.663758
W 2.616752 1.610165 0.521474
W 2.762961 0.525522 0.237312
W 4.587526 0.742752 0.577087
W 6.613315 1.281595 1.517202
W 0.660438 1.957454 1.205125
W 1.754439 2.231048 0.574912
W 2.484154 2.478788 6.348050
W 2.787294 2.547291 1.222158
W 3.827174 0.852849 6.877440
W 6.013211 1.701143 0.206880
W 6.667405 2.252333 0.805962
W 6.946126 3.402602 1.299903
W 1.092884 3.060399 1.515605
W 2.161607 3.632060 1.274634
W 3.122380 2.686100 0.254172
W 4.581925 2.276085 1.397217
W 5.596754 2.616675 0.834934
W 5.742674 3.517087 1.405790
W 0.389890 3.927497 0.549036
W 1.253704 4.091959 1.272051
W 1.607893 3.165937 0.205524
W 3.201392 3.879716 1.266486
W 4.247617 2.820862 0.436320
W 5.156177 4.277590 0.667659
W 5.770942 4.786241 6.903193
W 6.298009 4.379181 0.911406
W 1.243306 4.677960 0.178026
W 2.117971 4.743189 0.811110
W 3.103256 4.496799 0.475505
W 4.120529 4.072177 6.909999
W 4.679312 5.118654 0.302199
W 5.133967 5.185133 1.292799
W 0.190175 5.294519 0.225428
W 0.847482 6.218169 0.383025
W 2.164415 6.553587 0.401156
W 2.847980 5.621818 0.927427
W 3.846688 5.809499 0.547833
W 4.702899 6.072407 1.012977
W 6.446796 5.427928 0.901038
W 6.329675 0.265452 1.071054
W 0.791738 6.445358 1.545715
W 2.290759 6.759656 2.397360
W 3.044955 6.585888 1.378603
W 3.509740 0.754501 1.060050
W 5.041406 0.311295 1.519738
W 5.670105 6.054464 1.467653
W 6.810037 1.045189 2.488356
W 0.810794 0.379900 2.492122
W 2.265327 1.146025 2.375563
W 3.045971 1.463517 1.574614
W 3.772960 1.818429 0.854352
W 4.389764 1.064126 2.022783
W 5.897733 0.659966 2.046873
W 6.928814 2.371208 1.942538
W 0.655096 1.623234 2.387592
W 1.579190 2.048298 1.930146
W 2.570076 2.071141 2.295598
W 3.656663 2.319012 1.849827
W 5.411599 1.727548 1.647633
W 6.016578 1.703958 2.471901
W 6.746218 3.096574 2.582163
W 0.887653 2.739662 2.622399
W 2.010311 3.036489 2.087121
W 3.071777 3.202412 2.012307
W 4.208703 3.662766 2.131159
W 4.983212 3.113575 2.000945
W 5.980680 2.613835 1.965541
W 6.561600 3.907489 2.075992
W 0.716107 3.772882 2.286464
W 1.712324 4.156057 2.269216
W 2.735035 3.970222 2.707988
W 4.525601 3.512311 1.074927
W 4.646172 4.634130 2.632086
W 4.936132 4.202308 1.730547
W 0.639871 5.502730 2.388865
W 0.270220 4.497679 1.473349
W 2.731322 5.776593 2.087482
W 2.712646 4.789160 1.775611
W 3.683706 4.532307 2.134981
W 3.989482 4.620016 1.085663
W 5.708603 4.994320 2.211947
W 0.686634 5.385920 1.168439
W 1.429183 5.047414 1.757587
W 2.008638 6.136449 1.469267
W 3.495424 6.352622 2.388021
W 3.580371 5.680209 1.531084
W 4.465046 5.645186 2.103837
W 6.534604 5.837943 2.825455
W 6.609282 6.860770 2.203489
W 1.330394 6.968774 3.638895
W 2.708702 6.887716 3.322907
W 3.618737 0.170282 3.130526
W 4.096406 6.680287 1.555866
W 5.142854 1.324826 2.996403
W 5.731193 6.793252 2.969542
W 6.010873 0.819571 3.163548
W 0.429557 1.132212 3.442360
W 1.437860 1.180042 3.040445
W 3.473899 0.626715 2.211604
W 4.206198 1.121017 3.320398
W 4.599819 2.118085 3.442202
W 5.750637 0.962148 4.292356
W 0.010399 2.029245 2.975308
W 1.370209 1.537292 4.188840
W 1.810958 2.253453 3.045980
W 2.811580 2.777573 3.193081
W 3.150300 1.380646 3.096960
W 5.057578 2.248149 2.464120
W 6.037262 1.840809 3.502541
W 0.374060 3.387940 3.456977
W 1.108161 2.507047 3.765879
W 1.435270 3.594898 3.384117
W 4.054920 2.734751 2.802817
W 3.995958 2.919337 3.859277
W 4.995791 3.379060 3.105667
W 5.777696 2.747538 3.008758
W 6.650712 4.713275 2.756915
W 0.699994 4.379705 3.226457
W 1.958743 4.520343 3.506535
W 2.856447 4.146588 3.857616
W 4.004261 3.986384 3.210079
W 5.021499 4.094852 3.908676
W 5.644431 3.984081 2.340120
W 0.322399 5.499506 3.617976
W 1.632700 5.141116 2.738813
W 2.113768 5.295012 4.250159
W 3.181774 5.040870 3.007167
W 4.145092 5.179616 3.362222
W 5.201737 5.334352 3.746855
W 6.188872 3.754755 3.206507
W 0.981931 6.367467 2.813023
W 1.279640 5.849255 3.742667
W 2.374781 5.767938 3.259907
W 3.381790 6.084603 3.333370
W 4.520907 6.167416 3.090989
W 4.916639 6.599145 2.327391
W 6.112365 5.685889 3.955809
W 6.773408 0.228282 3.211726
W 0.332555 6.564143 3.811855
W 2.066556 6.653475 5.344510
W 3.374366 0.140216 4.208868
W 4.340350 0.015658 4.644041
W 4.984829 0.144745 3.511204
W 6.036264 6.906839 3.943405
W 6.945156 0.586851 4.542918
W 0.462333 1.430641 5.152016
W 1.194378 0.391810 4.540072
W 2.162968 0.664921 3.608997
W 3.328203 1.128803 5.010849
W 4.292036 1.019907 4.462826
W 5.313644 1.089757 5.412007
W 0.238580 1.856981 4.040788
W 1.366297 3.214987 5.116666
W 2.353932 1.802451 3.916905
W 2.960214 2.821818 4.360860
W 3.826463 1.872780 4.307431
W 5.029502 1.816952 4.382455
W 6.790126 2.570871 5.426796
W 0.768108 2.397298 5.080488
W 1.622445 4.164850 4.430483
W 2.153361 3.305400 4.497147
W 2.983919 3.456487 5.369712
W 5.254303 2.695066 5.021070
W 5.555182 2.838563 3.968110
W 6.588536 2.611104 3.928777
W 0.492617 3.310742 4.462160
W 0.822480 4.852110 4.180007
W 2.518201 4.309267 4.896591
W 3.956824 4.154793 5.817387
W 3.881742 3.785176 4.566522
W 4.895268 4.332121 5.310528
W 6.451615 3.590910 4.687743
W 6.938747 4.246880 3.911300
W 0.258250 4.185435 5.135065
W 2.545120 5.329103 5.430983
W 3.143485 5.158384 4.514468
W 3.707144 5.243486 5.532615
W 4.340854 5.342215 4.577099
W 5.943884 4.758728 4.395834
W 0.383817 5.769422 4.689003
W 1.326144 6.045560 4.871738
W 2.512853 6.406775 4.346948
W 3.622657 6.093213 4.689141
W 5.101469 6.353766 4.250573
W 6.565520 6.410671 4.830452
W 6.480230 5.332309 5.402334
W 0.529461 6.802024 5.274450
W 0.865543 1.028334 6.208521
W 1.847825 0.641155 5.660131
W 3.108256 0.070115 5.229506
W 4.475713 5.982573 5.316867
W 5.613869 6.555523 5.370658
W 6.411635 0.671388 5.450419
W 6.387005 1.649612 5.039130
W 1.917586 1.924112 5.229461
W 2.205394 0.878811 4.734252
W 4.073153 2.593817 5.103858
