256
Caixa no tempo 8100
W 6.432619 6.568325 6.023424
W 0.379555 0.191175 0.482769
W 1.353649 0.622812 0.050871
W 2.651986 6.908757 6.270377
W 3.640349 6.649450 6.048656
W 4.453809 0.369454 6.091095
W 5.488542 0.399396 6.308524
W 6.950846 0.407571 6.238186
W 0.511536 1.727443 0.081446
W 1.615141 1.734590 6.537178
W 2.891194 1.229532 6.390221
W 4.112825 1.373274 5.676247
W 5.164984 1.316743 6.688018
W 5.642346 0.849125 0.737046
W 6.670101 1.567584 6.155217
W 0.689661 2.517843 6.134406
W 3.140113 2.067777 5.399854
W 4.031840 1.807829 6.846492
W 4.777233 2.130950 5.976105
W 5.880884 2.250709 5.954043
W 6.693165 2.576363 6.572831
W 0.497724 2.904542 0.236435
W 0.816582 3.501417 6.245455
W 1.633733 4.339072 5.734720
W 2.029001 3.499819 6.271747
W 4.858039 1.758076 0.597413
W 5.312794 2.540797 6.837576
W 6.009574 3.338868 0.329900
W 6.843036 3.642283 6.655837
W 0.670834 4.573663 6.198882
W 2.299347 4.363963 6.735245
W 3.157256 3.588625 6.440473
W 4.064498 2.941064 6.135174
W 5.017642 3.826893 6.533922
W 5.843902 3.192229 6.074127
W 6.627100 4.926594 6.370737
W 1.089349 5.002164 5.165787
W 1.785004 5.604124 0.201926
W 3.355337 4.696026 6.470697
W 5.018395 5.049809 6.231071
W 5.475738 5.391739 5.204893
W 6.316205 4.066292 5.756961
W 5.890593 5.672637 6.280496
W 0.412541 5.964467 6.133004
W 1.335178 6.834868 6.222152
W 1.904648 5.889673 6.244204
W 4.213759 5.656118 6.410923
W 4.995578 6.305705 6.478893
W 5.533544 5.747781 0.332916
W 6.547806 6.142179 0.150966
W 6.860948 6.272981 1.253849
W 1.432482 0.254940 0.985018
W 2.334697 0.588223 1.523617
W 2.974519 6.246657 6.869073
W 4.286830 6.806313 0.084757
W 5.257564 6.843355 0.293151
W 6.753557 0.957803 0.322134
W 0.327657 0.528540 1.557970
W 1.461581 1.073142 1.756820
W 2.340107 1.604724 0.513532
W 2.612251 0.550437 0.303126
W 4.544445 0.778897 0.651168
W 6.598060 1.313896 1.338052
W 0.742157 2.049986 1.105391
W 1.662494 2.419452 0.721521
W 2.376916 2.454733 6.337708
W 2.674531 2.470511 1.216612
W 3.758327 0.893140 6.778668
W 6.053357 1.752316 0.174953
W 6.730154 2.326002 0.904596
W 6.873093 3.244455 1.210915
W 1.136449 3.002759 1.445611
W 2.156450 3.450972 1.245487
W 3.155624 2.557302 0.193214
W 4.564897 2.272712 1.513418
W 5.655467 2.509087 0.815796
W 5.807060 3.478738 1.283106
W 0.424723 3.982705 0.468360
W 1.200075 4.148898 1.250044
W 1.746965 3.298934 0.169022
W 3.303725 3.929108 1.368563
W 4.247274 2.710580 0.287481
W 5.330200 4.154600 0.685604
W 5.780499 4.713415 0.007493
W 6.339533 4.256413 0.720800
W 1.133102 4.662958 0.135217
W 2.200788 4.816274 0.850853
W 3.106977 4.447703 0.471168
W 4.002947 4.015774 6.910970
W 4.661833 5.108121 0.333904
W 4.985819 5.254179 1.370214
W 0.362891 5.290508 0.203789
W 0.780268 6.237934 0.435358
W 2.098368 6.598122 0.488515
W 2.826786 5.638850 0.752463
W 3.850962 5.817031 0.490566
W 4.802946 6.140792 0.855184
W 6.478848 5.263451 0.975626
W 6.457120 0.214010 1.075700
W 0.898220 6.570051 1.434950
W 2.384479 6.673026 2.378007
W 2.955601 6.629185 1.392852
W 3.463114 0.730685 0.926901
W 4.997104 0.406513 1.491632
W 5.696644 6.204998 1.411772
W 6.822429 0.940816 2.472543
W 0.879433 0.582231 2.361210
W 2.285248 1.051708 2.491750
W 2.857258 1.565369 1.600062
W 3.628014 1.904505 0.943376
W 4.406973 1.175693 2.030915
W 5.849490 0.748552 2.034173
W 0.066959 2.253600 1.887782
W 0.709254 1.610814 2.319182
W 1.551863 2.073616 1.991634
W 2.677805 2.154774 2.340740
W 3.595669 2.396938 1.815959
W 5.367921 1.541763 1.643347
W 6.005765 1.692213 2.547923
W 6.755494 3.039406 2.668530
W 0.899086 2.851039 2.726579
W 2.069578 2.944935 2.208814
W 3.063933 3.212920 2.094387
W 4.254691 3.643214 2.347550
W 5.077992 3.234134 1.979075
W 6.012388 2.702559 1.910862
W 6.650416 3.949658 2.004631
W 0.596809 3.781571 2.331095
W 1.702361 4.090430 2.295888
W 2.762332 3.998019 2.809936
W 4.556960 3.351243 1.073625
W 4.799191 4.608955 2.635049
W 4.823947 4.312324 1.560980
W 0.690321 5.385393 2.420524
W 0.254436 4.570560 1.394762
W 2.758303 5.783116 2.201092
W 2.708520 4.806443 1.785432
W 3.609036 4.555337 2.230464
W 4.105717 4.506351 0.935853
W 5.578941 5.202178 2.304958
W 0.789998 5.538973 1.134582
W 1.594330 5.102366 1.675414
W 1.944019 6.130174 1.369874
W 3.623529 6.501407 2.358164
W 3.646575 5.430970 1.647931
W 4.516387 5.650816 2.159618
W 6.435294 5.805045 2.832381
W 6.587293 6.838860 2.066660
W 1.341647 6.887594 3.736881
W 2.778915 6.924388 3.383557
W 3.861922 0.267867 3.174697
W 4.051793 6.572167 1.424963
W 5.023285 1.268736 2.852410
W 5.722976 6.717534 2.862466
W 5.882591 0.787659 3.302826
W 0.381816 1.059557 3.335501
W 1.399339 1.274610 3.059044
W 3.590019 0.434285 2.115763
W 4.027305 1.289135 3.426679
W 4.735530 2.183538 3.572717
W 5.753727 0.954992 4.433472
W 6.910628 2.089931 3.044983
W 1.443569 1.435767 4.328710
W 1.975348 2.372577 3.030969
W 2.927034 2.933938 3.184525
W 3.104144 1.231206 2.991507
W 5.001507 2.250651 2.508560
W 6.124668 1.807187 3.614746
W 0.393927 3.313824 3.414269
W 1.084644 2.352426 3.625610
W 1.392158 3.609376 3.430721
W 4.095063 2.653044 2.786349
W 3.959478 2.892102 4.023123
W 4.846089 3.340176 3.154992
W 5.874111 2.714415 2.954708
W 6.432653 4.636315 2.779882
W 0.608823 4.545123 3.134463
W 2.083695 4.582830 3.522536
W 2.867878 4.063833 3.979803
W 3.992283 4.018287 3.230687
W 4.957088 4.087499 3.883168
W 5.582042 4.068006 2.398886
W 0.224236 5.517204 3.502526
W 1.739228 5.127084 2.676309
W 1.954589 5.253195 4.370633
W 3.155833 4.967992 2.940729
W 4.208909 5.135311 3.340003
W 5.169826 5.272255 3.666317
W 6.245934 3.747638 3.299067
W 0.866575 6.533883 2.622660
W 1.291718 5.805079 3.816795
W 2.342364 5.754324 3.339695
W 3.423179 6.084145 3.383367
W 4.623296 6.053289 3.173301
W 4.818103 6.693884 2.276143
W 6.164537 5.669339 4.043008
W 6.811478 0.074824 3.076037
W 0.406082 6.635297 3.957022
W 2.147863 6.623000 5.370770
W 3.369526 0.105696 4.198673
W 4.376536 6.943761 4.706781
W 4.814615 0.281553 3.506613
W 6.060441 6.977142 4.170969
W 0.142504 0.549586 4.612928
W 0.544945 1.448571 5.057868
W 1.189450 0.537581 4.677504
W 1.972385 0.661340 3.595598
W 3.224782 1.174461 5.078647
W 4.171344 1.000064 4.402967
W 5.147528 1.157997 5.331477
W 0.430938 1.880168 4.202740
W 1.244323 3.438590 5.107728
W 2.392887 1.745909 3.714583
W 3.081349 2.735790 4.453869
W 3.759848 2.013261 4.416677
W 5.002219 1.734881 4.386928
W 6.848247 2.552937 5.361721
W 0.898909 2.484774 5.130210
W 1.565961 4.226670 4.448408
W 2.152629 3.354897 4.412200
W 2.891792 3.416980 5.455428
W 5.240770 2.720351 4.969589
W 5.582795 2.806167 3.999265
W 6.677131 2.656708 4.026077
W 0.509917 3.288076 4.439083
W 0.839401 4.848384 4.155207
W 2.574525 4.425201 5.057004
W 3.980895 4.191757 5.885490
W 3.832965 3.871979 4.683016
W 5.040690 4.449891 5.328213
W 6.532451 3.487839 4.734334
W 6.959184 4.122822 4.013643
W 0.314016 4.078171 5.143062
W 2.526533 5.307790 5.529302
W 3.114042 5.076321 4.519039
W 3.634020 5.224532 5.372219
W 4.272532 5.287810 4.519563
W 5.798509 4.702910 4.529123
W 0.393401 5.708605 4.643567
W 1.431136 6.216618 4.733976
W 2.496507 6.422207 4.303397
W 3.570116 6.158208 4.606377
W 5.192648 6.480854 4.209268
W 6.557570 6.379994 4.780370
W 6.589218 5.420221 5.434447
W 0.598950 6.738263 5.402784
W 0.826496 1.047080 6.254065
W 1.856939 0.686862 5.740427
W 3.058886 0.154234 5.296365
W 4.565981 6.188147 5.443620
W 5.677526 6.665540 5.297376
W 6.434986 0.715492 5.402744
W 6.396877 1.685796 5.072822
W 1.999711 1.893686 5.075897
W 2.202032 0.777236 4.595938
W 3.970938 2.675962 5.156304
