256
Caixa no tempo 9900
W 6.384314 6.495714 6.208980
W 0.387744 0.435535 0.395741
W 1.410780 0.527735 6.770558
W 2.344639 0.045116 6.323679
W 3.654307 6.465664 5.897679
W 4.343912 0.393467 5.846636
W 5.789009 0.493266 6.223884
W 0.244180 0.051429 6.342544
W 0.436092 1.871004 0.018599
W 1.506119 1.930496 6.793949
W 2.685760 1.427528 6.463635
W 4.050589 1.474495 5.578981
W 5.287800 1.257213 6.735005
W 5.599484 1.203340 0.774096
W 6.766854 1.381256 5.856925
W 0.902046 2.315210 6.082393
W 3.167950 2.200709 5.803412
W 4.003737 1.631147 6.610281
W 4.780177 2.129870 5.950858
W 5.797299 1.902732 5.817674
W 6.887169 2.633992 6.422358
W 0.683756 2.917423 0.139746
W 0.863987 3.919159 6.387010
W 1.675211 4.697409 5.774591
W 1.724402 3.474727 6.250191
W 4.658429 1.636657 0.507684
W 5.286042 2.401925 6.799813
W 6.086653 3.119817 0.297581
W 6.763169 3.873856 6.333821
W 0.555498 5.032330 6.139495
W 2.597536 5.024611 6.818331
W 2.732815 3.365905 6.759502
W 3.575731 3.125430 6.031700
W 4.993505 3.309613 6.419918
W 5.844784 2.994847 5.996079
W 6.510189 4.912450 6.319075
W 1.087724 5.224584 5.156918
W 1.722340 5.383935 0.500703
W 3.707653 4.560602 6.212382
W 4.945783 4.915202 6.255309
W 5.606223 5.901559 4.925972
W 6.432580 4.389253 5.378751
W 5.881853 5.611274 5.888947
W 0.204427 5.961398 6.298129
W 1.244245 6.769368 6.074462
W 1.504810 5.696694 6.433136
W 4.068381 5.574856 6.315354
W 5.333064 6.534265 6.593696
W 5.763717 5.687972 0.113560
W 6.700219 6.342490 0.313750
W 6.905554 5.992380 1.438014
W 1.307513 0.765519 0.770638
W 2.005796 0.138768 1.343956
W 3.052798 5.914660 6.502400
W 4.233482 6.526107 6.869035
W 5.334262 0.243318 0.396732
W 6.473535 0.898228 6.791455
W 0.491422 0.641771 1.535078
W 1.685537 1.274323 1.735759
W 2.024197 1.686446 0.747702
W 2.286996 0.696343 0.546366
W 4.300221 0.653208 0.215209
W 6.717655 1.367277 1.600130
W 0.934147 1.681665 0.937975
W 1.672971 2.808212 0.466232
W 2.201104 2.472501 6.238613
W 2.675631 2.407883 1.237871
W 3.229452 0.510856 6.487295
W 6.342738 1.918266 6.874974
W 6.746238 2.286042 0.732889
W 6.812010 3.368182 1.157875
W 1.124142 3.140545 1.442122
W 2.311684 3.640455 1.441595
W 3.186885 2.366348 6.806683
W 4.734789 2.299781 1.367467
W 5.691219 2.255639 0.834613
W 5.595088 3.428565 1.307193
W 0.623104 3.977734 0.421853
W 1.342471 4.204069 1.202235
W 1.798561 3.753187 0.208690
W 3.543930 3.719552 1.324632
W 4.150001 2.569243 0.482036
W 4.906373 3.997490 0.464157
W 5.664264 4.411615 6.734977
W 6.424447 4.105204 0.517272
W 1.341244 4.789337 6.802568
W 2.398013 4.594429 0.940773
W 3.435109 4.378384 0.399994
W 3.948845 3.560302 0.230806
W 4.732451 5.259405 0.288326
W 4.969203 5.477681 1.442060
W 0.236249 5.060418 0.344843
W 0.824408 6.461697 6.971134
W 1.814284 6.496527 0.242140
W 2.795890 5.469690 0.681696
W 3.681698 5.654006 0.304109
W 4.915320 6.168674 0.668585
W 6.042127 4.999370 0.957715
W 6.370633 0.249957 0.859983
W 1.007710 6.758587 1.068999
W 2.392497 6.575073 2.323256
W 3.052503 6.305359 1.374553
W 3.368782 0.633111 0.618487
W 4.838021 0.640678 1.306789
W 5.618604 6.552584 1.353904
W 6.866184 0.832738 2.508573
W 0.854135 0.424764 2.960829
W 2.170981 0.745160 2.413196
W 2.852938 1.177050 1.477828
W 3.557486 1.660012 0.655420
W 3.968667 1.595144 1.594610
W 5.634571 0.567511 2.060268
W 0.276702 2.428732 1.618512
W 0.747392 1.400169 2.172963
W 1.772686 2.374484 1.844891
W 2.923083 2.238808 2.829359
W 3.641116 2.719521 1.485878
W 5.418575 1.541572 1.725661
W 6.000716 1.549230 2.660111
W 6.820208 3.260907 2.273359
W 0.972223 2.795772 2.719675
W 2.105857 3.281299 2.538657
W 3.185058 3.421390 2.379665
W 4.212242 3.306366 2.097653
W 5.161019 2.983479 2.139614
W 6.033996 2.464843 2.010913
W 6.750767 4.373837 1.953077
W 0.791076 3.860971 2.279090
W 1.579201 4.447839 2.499170
W 2.577362 3.998850 3.064543
W 4.505674 3.336562 1.206331
W 4.800310 4.424318 2.840913
W 4.995876 4.030354 1.920541
W 0.905716 5.464771 2.204199
W 0.461667 4.697527 1.220071
W 2.718272 5.602474 2.061093
W 2.707741 4.362951 2.000959
W 3.513208 4.506342 2.440773
W 4.394455 4.509145 1.144035
W 5.411710 5.903747 2.264410
W 0.804915 5.734079 0.970551
W 1.756207 5.205874 1.609259
W 1.865432 6.158901 1.473540
W 3.381012 6.444320 2.678554
W 3.891522 5.551580 1.416767
W 4.215822 5.554421 2.619239
W 6.368172 5.849462 2.665777
W 6.535051 6.775752 2.068914
W 1.607274 6.639813 3.286085
W 2.669365 6.813697 3.387279
W 4.047836 0.214215 3.209773
W 4.071165 6.636128 1.042142
W 4.911073 0.926941 2.759852
W 5.725043 6.742108 2.786091
W 6.257703 0.882203 3.309174
W 0.216045 0.955159 3.737771
W 1.639058 1.788581 2.912929
W 3.718857 0.558214 1.674023
W 3.928298 1.606837 3.484387
W 4.998860 1.968079 3.502448
W 5.685299 0.990898 4.451278
W 0.007421 1.960486 3.187288
W 1.308229 1.640656 4.080470
W 2.058205 2.871020 3.463049
W 3.199369 3.049532 3.447693
W 3.144681 1.022651 2.542040
W 4.938921 1.995714 2.476583
W 5.926139 1.858127 3.933957
W 0.374053 3.688307 3.319719
W 0.722956 2.638710 3.704390
W 1.601553 3.848907 3.336390
W 4.010475 2.555893 2.926181
W 4.501121 3.151935 4.051990
W 4.982706 3.356605 3.087293
W 5.964642 2.639815 3.138129
W 6.194198 4.891008 3.217370
W 0.370850 4.767120 3.059591
W 2.272417 4.816689 3.871827
W 2.721752 3.836200 4.258080
W 3.715653 3.962865 3.515119
W 4.694132 4.274756 3.912744
W 5.844742 3.761279 2.643902
W 0.143059 5.687688 3.402352
W 1.923862 5.345411 2.784901
W 1.982599 5.601535 4.667103
W 2.934894 5.169783 3.071060
W 3.984373 5.014152 3.563128
W 5.247758 5.234035 3.523635
W 6.303315 3.556346 3.534629
W 0.576287 6.521885 2.433510
W 1.240940 5.564413 3.492317
W 2.304594 5.820318 3.650829
W 3.578213 6.147088 3.764719
W 4.634553 6.431071 3.215910
W 4.492100 6.973444 2.225993
W 6.345100 5.582429 4.032253
W 6.625518 6.761034 3.259509
W 0.771301 6.597571 3.802072
W 2.114889 6.295294 5.579255
W 3.438994 0.181928 4.101159
W 4.302893 6.729712 4.819377
W 4.874864 0.426471 4.061072
W 6.190574 0.158709 4.109848
W 0.197392 0.449551 4.595878
W 0.738768 1.381070 5.404126
W 1.502493 0.188614 5.150900
W 1.785161 0.734672 3.579653
W 3.186652 0.998329 4.958179
W 4.129618 0.931319 4.674524
W 5.238480 1.117321 5.564162
W 0.235658 1.719630 4.410806
W 1.463062 3.490779 5.366918
W 2.602346 1.407833 3.634226
W 2.854294 2.591414 4.435036
W 3.893358 2.221364 4.488854
W 4.818695 1.836082 4.685535
W 0.005339 2.921981 5.392789
W 1.708941 2.476798 5.035244
W 1.476994 4.303774 4.545944
W 1.886211 3.218048 4.444368
W 2.759907 3.247018 5.375421
W 5.067358 2.740206 4.985312
W 5.411377 2.888937 4.043737
W 6.701983 2.692473 4.092129
W 0.710525 3.342156 4.583812
W 0.560774 4.575099 4.226212
W 2.323777 4.207421 5.256374
W 4.473743 4.007206 6.004863
W 3.636337 4.363154 4.946097
W 5.350765 4.353733 5.326533
W 6.095838 3.306867 5.002860
W 6.820514 3.904113 4.527854
W 0.552291 4.294089 5.433469
W 2.648464 5.166265 5.591052
W 3.172753 5.125015 4.420317
W 3.711059 5.270358 5.330084
W 4.336552 5.086225 4.501745
W 5.677122 3.935856 4.368336
W 0.389860 5.687293 4.426007
W 1.189653 6.198870 4.689843
W 2.554173 6.367579 4.504114
W 3.463523 6.093735 4.890997
W 5.416240 6.542871 3.959316
W 6.446853 6.390956 4.960292
W 6.972469 5.265208 5.309280
W 0.432263 6.675326 5.357850
W 0.673005 1.099654 6.373322
W 1.602804 1.211309 5.880698
W 3.069227 0.023779 5.136725
W 4.930555 6.132961 5.750631
W 5.356842 0.055123 5.188522
W 6.391348 0.483625 5.323408
W 6.436142 2.059760 5.013933
W 2.578257 1.815831 5.040026
W 2.194728 0.628744 4.503429
W 4.223553 3.242218 5.106715
