108
Caixa no tempo 900
W 0.341589 6.446891 5.937887
W 0.875197 6.787126 6.790460
W 1.894306 0.625480 0.025411
W 2.479342 6.963350 6.440920
W 3.474823 6.468521 6.156233
W 4.523512 6.979115 6.323341
W 6.001237 6.676412 5.872838
W 6.913088 0.515663 6.407216
W 0.769444 0.912115 0.152878
W 1.494999 1.614105 6.526863
W 2.786788 1.198330 6.228426
W 3.828933 0.912560 6.067264
W 4.812437 1.041411 6.664160
W 6.106897 1.087681 6.625923
W 6.949137 1.852851 6.334693
W 0.910678 2.389841 6.322443
W 2.192802 2.098121 5.629726
W 3.170102 1.963926 6.678157
W 4.534824 1.687512 5.777359
W 5.565122 1.699309 5.997032
W 6.261132 2.663869 6.541118
W 0.098392 2.646044 0.102387
W 1.170915 3.408650 6.924511
W 1.774006 3.298882 6.147285
W 2.782140 3.079766 5.961702
W 4.299487 2.298155 6.730100
W 5.231189 2.755643 6.485207
W 6.406320 3.538476 0.280364
W 6.794137 3.815881 6.059074
W 0.807147 4.248143 6.113513
W 1.765794 4.357064 6.531171
W 2.891039 3.983577 6.651307
W 3.753450 3.369527 6.206281
W 4.944822 3.815436 6.342334
W 5.733678 3.429639 5.823994
W 6.974637 4.903048 6.393067
W 1.654191 4.768054 5.602639
W 1.929621 5.528008 6.943613
W 2.543188 4.962050 6.272051
W 4.367515 5.012443 5.965437
W 5.288086 5.529246 5.685228
W 5.895057 4.669706 5.740307
W 6.252913 5.681486 6.210259
W 0.870719 5.465726 5.882013
W 1.607501 6.700114 6.126395
W 2.495954 5.965395 6.015222
W 3.619663 5.476311 6.419515
W 4.580544 6.000811 6.358938
W 5.612891 5.815631 0.229538
W 6.466755 6.813355 0.079892
W 0.347605 6.650313 0.807404
W 1.239493 0.087271 0.799491
W 2.566331 0.317809 0.809931
W 3.134898 6.026846 0.107861
W 4.488823 6.775614 0.397686
W 5.562971 6.974676 0.620794
W 6.736728 0.989234 0.597033
W 0.620372 0.656522 1.566595
W 1.552965 1.070468 1.031396
W 2.729735 1.329837 0.322125
W 3.246942 0.415705 6.919524
W 5.021741 0.838392 0.768324
W 6.158118 1.577557 1.594073
W 0.457850 1.886658 1.136601
W 1.387280 2.291291 0.399796
W 2.092602 2.469721 6.652683
W 2.913348 2.223088 1.002886
W 3.910446 1.342688 0.137972
W 5.260303 1.919215 0.027657
W 6.426510 2.265431 0.691390
W 0.040490 3.225311 1.031801
W 0.967115 2.682590 1.350315
W 1.986055 3.278891 1.213275
W 3.192934 3.056994 0.029627
W 4.279457 2.567577 1.400440
W 5.318579 2.965702 0.598198
W 6.048853 3.467447 1.308955
W 0.337993 3.969438 0.094512
W 1.280317 4.042470 0.880778
W 2.165135 3.763508 0.320164
W 3.444121 3.879437 0.562983
W 4.337468 3.200333 0.292653
W 5.453759 4.142494 0.730356
W 6.160755 4.906845 6.974897
W 6.868059 4.616143 0.925387
W 0.860542 4.905339 0.091514
W 1.641333 5.073568 0.899771
W 2.809099 4.860077 0.388782
W 4.252099 4.644759 0.022791
W 5.213312 4.819417 6.641411
W 5.987551 5.014940 1.069592
W 0.277193 5.754427 0.061952
W 1.165244 5.887260 0.401359
W 2.137616 6.459857 0.397395
W 3.088104 5.607276 1.265870
W 4.118139 5.665476 0.589288
W 5.085791 5.991624 1.191296
W 6.525127 6.016976 0.813902
W 6.448758 0.338127 1.379004
W 0.670150 6.401237 1.906388
W 1.716863 0.129727 1.733781
W 2.974348 6.745829 1.822158
W 3.882883 0.330734 0.995750
W 5.136506 0.119179 1.622202
W 6.124301 6.360141 1.972563
W 0.156815 1.291742 2.333848
W 1.035310 0.536057 2.532912
W 2.234326 1.034864 1.966033
W 3.085891 1.174815 1.279925
W 4.112230 1.451827 1.056934
W 4.898757 1.242270 1.820681
W 5.972926 0.609035 2.275935
W 6.909034 2.372681 1.852913
W 1.068226 1.472301 1.870298
W 1.855387 2.250695 1.535742
W 2.567290 2.042662 2.355050
W 3.736140 2.270569 2.307578
W 5.110590 1.883075 1.144510
W 6.010076 1.556556 2.651297
W 6.644925 3.358674 2.573741
W 0.775561 2.368940 2.513417
W 1.782483 3.059939 2.299985
W 2.986426 3.289267 1.985018
W 3.834133 3.801813 2.463793
W 4.669784 3.188038 2.038408
W 5.861413 2.564998 1.684476
W 6.726812 4.233256 1.961998
W 0.541370 3.329686 1.986289
W 1.681951 4.065506 1.954896
W 2.704384 4.150842 2.388694
W 4.424802 3.896765 1.177874
W 4.792547 4.171268 2.693537
W 5.431923 4.488050 1.815234
W 0.218852 5.411810 2.177190
W 0.733199 4.568677 1.666457
W 2.163629 5.033747 2.495277
W 2.688972 4.665247 1.402555
W 3.719607 4.860417 2.315525
W 4.642737 4.867432 1.109829
W 6.243685 4.940667 2.503674
W 0.651909 5.446262 1.116019
W 1.325284 5.338960 2.008614
W 2.032866 6.147615 1.443137
W 3.040450 5.767082 2.395021
W 3.913071 6.169359 1.697551
W 5.111834 5.554426 2.170244
W 6.515359 5.912949 2.911430
W 0.030271 0.121489 2.650572
W 1.296123 0.121676 3.459303
W 2.290931 6.677948 3.500127
W 3.542336 6.903813 2.916342
W 4.234739 0.555995 2.515787
W 5.115695 0.755500 3.088102
W 6.035747 6.899656 3.065766
W 6.590476 0.890417 3.368695
W 0.655271 1.039465 3.723607
W 1.783155 1.106441 3.543906
W 3.321321 0.966869 2.352482
W 3.951605 0.683289 3.615857
W 4.950222 1.827216 3.191593
W 5.625377 0.926602 4.077571
W 6.863254 2.016656 3.094837
W 1.062634 1.947967 3.778046
W 1.710685 1.874734 2.852589
W 2.679843 1.978367 3.443357
W 3.666605 1.619823 3.152936
W 5.005513 2.171143 2.171519
W 5.818009 1.902786 3.717851
W 0.337033 3.387233 3.543673
W 0.992762 2.972705 4.395802
W 1.782166 2.764621 3.431726
W 3.334027 2.786206 3.247230
W 4.097709 2.587734 3.921789
W 4.876334 3.008261 3.090512
W 5.914282 2.692315 3.025125
W 0.003955 4.245482 3.076784
W 0.968139 3.726909 2.776951
W 2.032532 4.581293 3.349314
W 3.048214 3.952842 3.737577
W 3.964552 3.604410 3.524598
W 4.850215 4.416956 3.702843
W 5.731944 3.671388 2.782610
W 0.260150 5.230857 3.590183
W 1.121661 5.123862 2.993038
W 2.269400 5.272518 4.105970
W 3.026697 5.031327 3.256290
W 3.986980 4.997851 3.529303
W 5.141511 5.403315 3.383814
W 6.046915 4.440250 3.458688
W 0.592289 6.231451 2.965732
W 1.233829 5.567957 4.139209
W 1.705506 5.930078 3.125566
W 3.455286 5.863771 3.853166
W 4.260565 6.106485 3.241167
W 5.031864 6.490150 2.675742
W 6.215236 5.655636 4.036079
W 0.126510 6.898317 3.752988
W 0.953583 6.630754 4.421001
W 2.155244 0.017470 5.117522
W 3.073079 0.144384 4.177751
W 3.986554 6.662192 4.184798
W 4.930410 0.065026 3.798819
W 5.998411 6.801301 4.032483
W 6.644320 0.682398 4.311659
W 0.376480 1.445859 4.911717
W 1.527473 0.726425 4.784227
W 3.073497 1.228760 3.972285
W 3.680253 0.847150 4.833021
W 4.570537 0.940975 4.376957
W 5.573217 1.090755 5.005998
W 6.865537 1.845436 4.091813
W 1.236875 2.856705 5.433512
W 2.033477 2.012872 4.638649
W 3.075584 2.552978 4.340326
W 3.880962 1.664771 4.261382
W 5.030490 1.938771 4.404123
W 6.120676 2.562701 5.544281
W 0.298411 2.287552 5.345383
W 1.245088 3.895298 5.280346
W 2.277085 3.292027 4.157042
W 3.506923 3.335728 5.204629
W 5.175328 2.384214 5.350729
W 5.433575 3.062039 4.029824
W 6.501904 2.975690 4.247446
W 0.093168 3.572696 4.968936
W 1.571997 4.226910 4.255661
W 2.515260 4.320494 4.782962
W 3.122237 4.198974 5.712508
W 4.069406 3.888972 4.520854
W 5.085487 3.835180 5.043792
W 6.010784 3.927466 4.437036
W 6.734976 4.679036 4.334751
W 0.539615 4.612685 5.123687
W 2.538443 5.423012 5.070761
W 3.242960 4.912290 4.255724
W 3.394342 5.132880 5.583583
W 4.609331 4.944963 4.881492
W 5.521891 4.939509 4.366445
W 0.397302 5.647929 4.835473
W 1.262329 6.345123 5.271329
W 2.029502 6.277320 4.426776
W 3.253383 6.095016 5.007821
W 4.651791 5.930812 4.278747
W 5.486405 6.272742 4.865892
W 6.263875 5.547956 5.029752
W 0.038133 6.604706 4.908275
W 0.870148 0.551434 5.621486
W 1.986387 0.821527 5.772411
W 3.088135 0.372103 5.516190
W 4.241287 6.005786 5.391296
W 4.807803 0.116833 4.836085
W 6.117496 0.188027 5.037278
W 6.436114 1.688385 5.379474
W 1.299382 1.536918 5.471537
W 2.755648 1.351007 5.143663
W 3.699190 2.230126 5.097349
