256
Caixa no tempo 9200
W 6.372041 6.660460 5.897313
W 0.401792 0.355412 0.460676
W 1.526324 0.573146 6.810754
W 2.362811 0.163298 6.415244
W 3.662533 6.646167 5.954456
W 4.462546 0.346518 5.852035
W 5.671867 0.368307 6.317248
W 0.257009 0.217540 6.396455
W 0.454331 1.922530 0.037638
W 1.480857 1.818967 6.826983
W 2.523589 1.435359 6.291629
W 4.088087 1.535174 5.410307
W 5.285518 1.303715 6.497397
W 5.743590 1.125293 0.642769
W 6.804602 1.325147 6.104796
W 0.709424 2.415398 6.099692
W 3.200234 2.266497 5.615059
W 4.056589 1.749330 6.729880
W 4.848069 2.183752 5.882957
W 5.894415 2.008473 5.913955
W 6.676923 2.569205 6.480743
W 0.503442 2.985959 0.264185
W 0.882068 3.759661 6.298834
W 1.599715 4.542012 5.993118
W 1.960467 3.339803 6.069878
W 4.853319 1.699929 0.522815
W 5.226498 2.375288 6.840882
W 6.114241 3.040014 0.332557
W 6.730177 3.761417 6.511755
W 0.591866 4.911775 6.117145
W 2.484818 4.736038 6.714892
W 2.887812 3.466836 6.650689
W 3.992501 3.145134 6.139856
W 4.971875 3.463306 6.535535
W 5.931187 3.134149 6.093810
W 6.513133 4.896291 6.336008
W 1.020857 5.156678 5.229369
W 1.624499 5.482591 0.523201
W 3.365721 4.820963 6.342652
W 4.859122 4.971018 6.258415
W 5.514410 5.810595 4.904431
W 6.335869 4.166528 5.421080
W 5.927320 5.710858 5.980591
W 0.184933 5.920362 6.310606
W 1.317420 6.894552 6.103316
W 1.672345 5.834160 6.279172
W 4.082116 5.696560 6.371434
W 5.240692 6.430719 6.663267
W 5.769013 5.745102 0.202801
W 6.691005 6.210624 0.261164
W 6.974724 6.028552 1.286232
W 1.259780 0.677639 0.840803
W 2.261412 0.389393 1.504504
W 3.033430 5.730167 6.444011
W 4.197077 6.575813 6.889792
W 5.391953 0.149836 0.497977
W 6.584424 0.859051 0.063685
W 0.400958 0.541037 1.506575
W 1.608710 1.315422 1.586787
W 2.066800 1.616526 0.598019
W 2.377056 0.603014 0.354260
W 4.374027 0.776561 0.461160
W 6.583136 1.299850 1.332058
W 0.779328 1.860968 1.044206
W 1.674492 2.626876 0.552772
W 2.282541 2.386116 6.323172
W 2.586730 2.292229 1.257021
W 3.527252 0.452781 6.636959
W 6.030897 1.784586 6.939680
W 6.784212 2.317519 0.659661
W 0.046918 3.278937 1.179287
W 0.912702 3.291340 1.596011
W 2.166128 3.577139 1.357086
W 3.180382 2.352039 6.873457
W 4.713465 2.365859 1.504422
W 5.643297 2.341804 1.060936
W 5.810971 3.464598 1.263189
W 0.687118 4.001381 0.392338
W 1.346494 4.174488 1.216917
W 1.771010 3.772486 0.270064
W 3.489472 3.857624 1.394145
W 4.325859 2.656116 0.250841
W 5.043372 3.949531 0.412366
W 5.716794 4.525832 6.874563
W 6.460928 4.032931 0.533008
W 1.335037 4.679994 0.052710
W 2.173286 4.560383 0.752589
W 3.195850 4.405720 0.432646
W 4.080924 3.629660 0.090515
W 4.704204 5.188058 0.353560
W 4.972655 5.467448 1.333910
W 0.417624 5.150365 0.095817
W 0.805320 6.391296 0.126513
W 1.875055 6.567510 0.367464
W 2.583751 5.646860 0.710492
W 3.750944 5.747970 0.413220
W 4.867620 6.299786 0.638213
W 6.217897 5.172327 0.939357
W 6.370153 0.172748 0.762854
W 0.977894 6.698661 1.387487
W 2.399170 6.789157 2.373526
W 2.916570 6.364242 1.322637
W 3.264574 0.683503 0.727114
W 4.986722 0.535047 1.351547
W 5.752423 6.501870 1.341357
W 6.807172 0.935470 2.481543
W 1.033095 0.569180 2.742518
W 2.007812 0.727748 2.519338
W 2.681121 1.308293 1.464599
W 3.526130 1.776257 0.805928
W 4.201921 1.521174 1.744872
W 5.709973 0.509998 2.155202
W 0.173003 2.287852 1.679583
W 0.666766 1.525003 2.191322
W 1.743000 2.283816 1.930274
W 2.909718 2.231898 2.824450
W 3.536304 2.537349 1.606017
W 5.406066 1.491380 1.662865
W 6.014812 1.645229 2.523718
W 6.895951 3.187787 2.320466
W 1.024791 2.789232 2.624104
W 2.106551 3.142043 2.300493
W 3.111013 3.381734 2.289298
W 4.138071 3.407999 2.306391
W 5.210306 3.074164 2.049538
W 6.114542 2.544665 2.026545
W 6.646786 4.156564 1.900670
W 0.635387 3.859803 2.393665
W 1.615167 4.274137 2.349779
W 2.725078 4.134631 2.992360
W 4.604617 3.315949 1.062819
W 4.695892 4.628730 2.756963
W 4.814084 4.060954 1.805685
W 0.793570 5.535349 2.166698
W 0.382127 4.687718 1.283385
W 2.860499 5.695744 2.362153
W 2.678491 4.560296 1.860867
W 3.696701 4.449092 2.600523
W 4.217481 4.506990 1.023091
W 5.417119 5.682314 2.315734
W 0.891603 5.613920 1.139924
W 1.684513 5.023216 1.636424
W 1.894104 6.162879 1.363482
W 3.600212 6.316209 2.609759
W 3.832230 5.372158 1.404243
W 4.399249 5.598657 2.556059
W 6.367304 5.872519 2.818627
W 6.586766 6.727679 2.045121
W 1.564788 6.737647 3.570164
W 2.820090 6.895272 3.318076
W 3.827871 0.211587 3.094026
W 3.932989 6.556870 1.175901
W 4.944633 1.041944 2.783247
W 5.666625 6.713823 2.747593
W 6.009760 0.767758 3.414147
W 0.302242 0.943160 3.455594
W 1.487088 1.582421 3.003338
W 3.650306 0.569169 1.698644
W 3.992150 1.778397 3.483472
W 4.927726 2.169052 3.574685
W 5.649205 0.946865 4.665092
W 0.008732 2.093539 3.215772
W 1.384524 1.507489 4.182273
W 2.130708 2.721317 3.303647
W 3.141177 3.089347 3.478474
W 3.187099 1.015422 2.803111
W 5.018240 2.127337 2.564014
W 6.009418 1.774595 4.017040
W 0.318284 3.471121 3.414672
W 0.862200 2.560035 3.635225
W 1.587203 3.734342 3.461820
W 3.877729 2.515851 2.867603
W 4.272824 3.229079 4.080143
W 4.876506 3.211891 3.166795
W 5.897182 2.687396 3.043443
W 6.207902 4.834738 3.015808
W 0.527434 4.544280 3.022139
W 2.207796 4.612836 3.793597
W 2.960656 3.857856 4.183842
W 3.739585 3.911585 3.467868
W 4.735114 4.187940 3.898805
W 5.755968 3.891293 2.528019
W 0.189388 5.606319 3.383664
W 1.923387 5.283011 2.730402
W 1.946725 5.400379 4.795918
W 2.935082 5.097386 3.145699
W 3.926424 5.058596 3.372542
W 5.208832 5.115832 3.533824
W 6.181322 3.564600 3.548852
W 0.577375 6.523588 2.410381
W 1.171434 5.658746 3.574647
W 2.196236 5.860905 3.562230
W 3.590387 5.997940 3.599206
W 4.859029 6.381310 3.236067
W 4.558591 6.877070 2.235747
W 6.378040 5.695809 4.134935
W 6.820924 6.692988 3.178257
W 0.398157 6.544109 3.984625
W 2.177327 6.467207 5.490075
W 3.316776 0.200438 4.198810
W 4.343559 6.862243 4.808716
W 4.854286 0.509585 3.938243
W 6.336934 0.127833 4.191902
W 0.161480 0.545459 4.660212
W 0.575107 1.219855 5.211503
W 1.454900 0.334902 5.175841
W 1.829978 0.718469 3.600870
W 3.093384 1.196019 4.943019
W 4.210022 0.899900 4.537712
W 5.135851 1.080011 5.538631
W 0.332751 1.833562 4.381123
W 1.394175 3.587755 5.215290
W 2.587244 1.563164 3.504071
W 2.963729 2.632323 4.479967
W 3.772004 1.920507 4.475037
W 4.859816 1.756827 4.498623
W 6.902285 2.709931 5.454133
W 1.500139 2.474244 5.002613
W 1.592900 4.251777 4.462935
W 2.063281 3.278624 4.292754
W 2.751161 3.178690 5.432599
W 5.158966 2.702090 5.083403
W 5.653595 2.854864 4.040257
W 6.691540 2.644617 4.067755
W 0.783783 3.178900 4.506141
W 0.660164 4.734333 4.004464
W 2.441063 4.258531 5.248998
W 4.280082 4.111713 5.788945
W 3.705213 4.081166 4.902436
W 5.209744 4.440094 5.443227
W 6.066267 3.205326 4.868997
W 6.868011 4.058569 4.418257
W 0.381820 4.222515 5.306285
W 2.579432 5.389582 5.640656
W 3.132466 5.137563 4.209983
W 3.612648 5.207854 5.395073
W 4.292264 5.137492 4.369175
W 5.794346 4.189040 4.402205
W 0.441486 5.643922 4.526668
W 1.355377 6.417119 4.751375
W 2.478372 6.485140 4.334843
W 3.457526 6.089015 4.638511
W 5.304382 6.449794 4.237310
W 6.621314 6.408167 4.815310
W 6.832080 5.426011 5.448907
W 0.484124 6.665509 5.316164
W 0.811916 1.174829 6.392861
W 1.815885 0.900404 5.877723
W 3.060599 0.048115 5.212232
W 4.787455 6.339418 5.633382
W 5.507807 6.956910 5.065357
W 6.354403 0.531915 5.410357
W 6.385267 1.903371 4.975066
W 2.387315 1.905442 4.956267
W 2.384277 0.414914 4.554654
W 4.087579 3.138367 5.057236
