256
Caixa no tempo 9400
W 6.340968 6.660728 5.996464
W 0.377268 0.386596 0.447398
W 1.538527 0.579436 6.847254
W 2.363894 0.144154 6.403088
W 3.691397 6.623754 5.976277
W 4.405410 0.338181 5.854507
W 5.742678 0.378647 6.278969
W 0.297996 0.140781 6.407458
W 0.477628 1.934073 0.042751
W 1.495600 1.904571 6.848516
W 2.541391 1.444784 6.323246
W 4.126567 1.523565 5.433131
W 5.332542 1.291960 6.560371
W 5.689761 1.134053 0.678072
W 6.789102 1.291281 5.998121
W 0.757376 2.383012 6.108842
W 3.165452 2.305154 5.691793
W 4.018420 1.741841 6.711856
W 4.797191 2.132354 5.879799
W 5.876068 1.967976 5.893653
W 6.724332 2.573058 6.432255
W 0.551536 2.951134 0.232575
W 0.874418 3.802573 6.332856
W 1.594737 4.602972 5.970655
W 1.933062 3.339012 6.161587
W 4.772414 1.709703 0.492741
W 5.233547 2.386881 6.818212
W 6.120964 3.035053 0.407661
W 6.741083 3.797510 6.462652
W 0.608636 4.955112 6.148510
W 2.560421 4.823060 6.740531
W 2.812084 3.437934 6.670208
W 3.888498 3.145237 6.054797
W 4.999628 3.402749 6.515546
W 5.907362 3.108084 6.018083
W 6.501036 4.913472 6.313324
W 1.042043 5.167575 5.226812
W 1.685741 5.458780 0.551900
W 3.466011 4.768637 6.291125
W 4.838790 4.978253 6.263565
W 5.552980 5.850135 4.933240
W 6.317168 4.235939 5.399345
W 5.920843 5.685404 5.921731
W 0.196654 5.916043 6.302688
W 1.283420 6.889803 6.068934
W 1.624117 5.784549 6.327191
W 4.092666 5.623064 6.356587
W 5.268087 6.468438 6.694474
W 5.813972 5.750181 0.203895
W 6.634124 6.265927 0.301795
W 6.966221 6.025963 1.338066
W 1.267528 0.750843 0.815040
W 2.192714 0.317303 1.453650
W 3.057025 5.766638 6.460269
W 4.195840 6.545738 6.849983
W 5.363411 0.145605 0.480073
W 6.555410 0.846396 0.018067
W 0.424783 0.571832 1.499380
W 1.622489 1.306354 1.542980
W 2.056960 1.638898 0.691191
W 2.322568 0.628014 0.394586
W 4.349780 0.755424 0.397006
W 6.641916 1.297508 1.412565
W 0.834967 1.775988 1.007298
W 1.667639 2.654573 0.490763
W 2.243498 2.420540 6.308027
W 2.595515 2.271727 1.267708
W 3.424702 0.454371 6.586672
W 6.086668 1.828785 6.866997
W 6.759077 2.353572 0.667488
W 0.006848 3.291023 1.184385
W 0.962389 3.296163 1.538584
W 2.196597 3.647307 1.382973
W 3.199659 2.332137 6.813047
W 4.752186 2.341665 1.458125
W 5.636569 2.340761 1.003243
W 5.764948 3.434873 1.236213
W 0.682547 3.986531 0.393583
W 1.352157 4.165583 1.225100
W 1.784638 3.743413 0.232879
W 3.508822 3.823138 1.369767
W 4.297393 2.608776 0.315620
W 4.998519 3.972590 0.382161
W 5.644385 4.451136 6.881188
W 6.438757 4.035927 0.523387
W 1.298218 4.761411 6.909519
W 2.212424 4.556120 0.829307
W 3.267346 4.384115 0.417026
W 4.083758 3.620430 0.150654
W 4.714070 5.220838 0.344310
W 4.977071 5.494287 1.365975
W 0.409579 5.104044 0.146564
W 0.831118 6.441648 0.062183
W 1.813861 6.537842 0.319241
W 2.583803 5.609054 0.700227
W 3.701471 5.709678 0.420908
W 4.896566 6.270207 0.651543
W 6.153196 5.145921 0.919002
W 6.400902 0.169948 0.729941
W 0.987125 6.717923 1.307699
W 2.408642 6.718246 2.363123
W 2.914098 6.293871 1.337632
W 3.268354 0.685378 0.686381
W 4.976104 0.561849 1.333590
W 5.706081 6.515281 1.332245
W 6.809173 0.931966 2.494903
W 0.981201 0.528196 2.808003
W 2.058976 0.721987 2.484246
W 2.714107 1.315298 1.451039
W 3.532632 1.721049 0.772859
W 4.134472 1.547831 1.689966
W 5.652260 0.535968 2.129819
W 0.201303 2.324253 1.627479
W 0.678890 1.480176 2.187018
W 1.787774 2.317776 1.893118
W 2.913160 2.217970 2.863610
W 3.535369 2.582903 1.563907
W 5.416471 1.502020 1.721939
W 6.014051 1.603904 2.541944
W 6.894855 3.234900 2.300094
W 1.004975 2.785392 2.673664
W 2.130919 3.166016 2.363199
W 3.127062 3.392346 2.314393
W 4.142920 3.310469 2.296335
W 5.183969 3.047141 2.087927
W 6.065862 2.532314 2.079409
W 6.683373 4.221734 1.913314
W 0.672831 3.878514 2.382590
W 1.593244 4.371847 2.375237
W 2.695541 4.118672 3.007744
W 4.586036 3.336888 1.088723
W 4.721978 4.593941 2.780423
W 4.854869 4.048177 1.833032
W 0.812872 5.559959 2.183581
W 0.419657 4.681501 1.260342
W 2.854440 5.724494 2.307693
W 2.690153 4.484653 1.887937
W 3.640049 4.462661 2.642339
W 4.277898 4.499581 1.061737
W 5.419156 5.744153 2.286042
W 0.897177 5.641324 1.065554
W 1.696017 5.022325 1.643972
W 1.900607 6.180653 1.390724
W 3.513869 6.348892 2.647063
W 3.851377 5.420965 1.370535
W 4.337375 5.548422 2.613502
W 6.373976 5.890629 2.794586
W 6.627146 6.703320 2.049156
W 1.592142 6.694783 3.498483
W 2.795165 6.877043 3.344391
W 3.891215 0.168541 3.097556
W 3.979852 6.571250 1.133792
W 4.944624 1.012572 2.764004
W 5.648141 6.704734 2.763474
W 6.092697 0.798542 3.381982
W 0.281445 0.942956 3.535964
W 1.529747 1.640484 2.978778
W 3.670843 0.580520 1.684758
W 3.976995 1.777746 3.468925
W 4.981671 2.141560 3.564058
W 5.603893 0.908190 4.655904
W 0.014132 2.065253 3.217407
W 1.365319 1.536886 4.150907
W 2.132077 2.799686 3.382660
W 3.107367 3.019260 3.561181
W 3.169804 1.018756 2.732591
W 5.007253 2.066149 2.561627
W 5.975077 1.806230 3.995650
W 0.343037 3.516051 3.390109
W 0.807682 2.653365 3.697408
W 1.601535 3.758189 3.428716
W 3.920013 2.540426 2.865644
W 4.346871 3.231255 4.095038
W 4.911872 3.249307 3.118813
W 5.921413 2.683190 3.049864
W 6.184748 4.865709 3.076340
W 0.481591 4.606994 3.033034
W 2.226869 4.660234 3.821103
W 2.879155 3.833587 4.202384
W 3.771333 3.982156 3.450271
W 4.670695 4.186939 3.892777
W 5.781900 3.855139 2.569050
W 0.209159 5.605969 3.391864
W 1.938212 5.280208 2.760771
W 1.986265 5.472373 4.826932
W 2.909478 5.116792 3.075802
W 3.951144 5.037152 3.370893
W 5.235740 5.133616 3.515000
W 6.184051 3.576257 3.575729
W 0.550133 6.492309 2.391550
W 1.181260 5.638988 3.536976
W 2.174994 5.877536 3.585047
W 3.590102 6.041157 3.641252
W 4.831386 6.424547 3.217227
W 4.530518 6.904691 2.246944
W 6.387156 5.666328 4.108681
W 6.756357 6.689885 3.240166
W 0.489597 6.557621 3.907002
W 2.157193 6.422117 5.519647
W 3.322987 0.186588 4.169362
W 4.332221 6.819912 4.811786
W 4.879532 0.487190 4.009559
W 6.313247 0.128519 4.128304
W 0.171887 0.531378 4.650214
W 0.594496 1.269338 5.234530
W 1.496592 0.285730 5.191305
W 1.821306 0.711152 3.624125
W 3.088650 1.167495 4.948847
W 4.210660 0.954098 4.610494
W 5.191770 1.083707 5.509429
W 0.297721 1.791024 4.433582
W 1.386449 3.564273 5.180873
W 2.606562 1.540489 3.510481
W 2.973301 2.598177 4.406331
W 3.781022 2.023151 4.457968
W 4.814610 1.780003 4.543338
W 6.908089 2.743153 5.461568
W 1.618995 2.450409 4.997477
W 1.542799 4.245707 4.499607
W 2.028171 3.242490 4.301591
W 2.777649 3.154401 5.434702
W 5.165711 2.730688 5.031150
W 5.548616 2.814961 4.016825
W 6.702522 2.641558 4.066966
W 0.800603 3.193597 4.501741
W 0.640449 4.676894 4.067500
W 2.398178 4.261101 5.268231
W 4.324442 4.095745 5.859512
W 3.688374 4.175472 4.924402
W 5.297286 4.412961 5.411009
W 6.021509 3.209424 4.965048
W 6.841494 4.032530 4.458206
W 0.422881 4.253119 5.347683
W 2.556663 5.333146 5.559511
W 3.149672 5.144021 4.279539
W 3.627954 5.208644 5.380875
W 4.305600 5.116152 4.389023
W 5.808678 4.085650 4.360518
W 0.431610 5.648578 4.503721
W 1.309244 6.355755 4.748007
W 2.499533 6.455719 4.381484
W 3.444969 6.076251 4.697311
W 5.324504 6.497348 4.177156
W 6.566899 6.398683 4.842933
W 6.876443 5.379163 5.421930
W 0.467603 6.665592 5.311970
W 0.791876 1.153594 6.397388
W 1.762127 0.984638 5.886276
W 3.059923 0.050042 5.156016
W 4.837261 6.279493 5.658550
W 5.469812 0.030871 5.065588
W 6.381320 0.549323 5.432404
W 6.420689 1.962147 5.000229
W 2.443815 1.916850 4.952761
W 2.304646 0.434290 4.548269
W 4.126858 3.169034 5.085889
