256
Caixa no tempo 9500
W 6.339928 6.641029 6.043854
W 0.371584 0.397196 0.439311
W 1.518152 0.581643 6.853539
W 2.370915 0.128811 6.389984
W 3.695580 6.599769 5.976711
W 4.384652 0.341564 5.854895
W 5.767018 0.394649 6.265660
W 0.313625 0.102944 6.408006
W 0.482399 1.932269 0.039863
W 1.500497 1.936537 6.844826
W 2.565392 1.444890 6.347282
W 4.138032 1.517883 5.450309
W 5.333549 1.278706 6.591582
W 5.664540 1.141607 0.698491
W 6.780059 1.282570 5.949422
W 0.785578 2.366938 6.111364
W 3.159732 2.304106 5.735233
W 4.006600 1.729951 6.697943
W 4.773564 2.110280 5.882253
W 5.864496 1.950912 5.875753
W 6.749517 2.572148 6.423765
W 0.578146 2.936558 0.214281
W 0.871858 3.824298 6.348248
W 1.601322 4.629523 5.947782
W 1.904519 3.356231 6.201315
W 4.735653 1.711414 0.486397
W 5.237357 2.401941 6.805455
W 6.117348 3.040569 0.419323
W 6.746852 3.814820 6.437189
W 0.613555 4.972272 6.159180
W 2.576320 4.868248 6.758350
W 2.781883 3.424122 6.683367
W 3.830991 3.139669 6.026729
W 5.010917 3.368570 6.496744
W 5.892909 3.095700 5.980111
W 6.498497 4.917033 6.307296
W 1.054591 5.173252 5.221793
W 1.696478 5.442837 0.546990
W 3.530591 4.730796 6.264844
W 4.840001 4.974665 6.265766
W 5.576891 5.860815 4.956210
W 6.311431 4.269630 5.391232
W 5.911987 5.674172 5.894585
W 0.200860 5.919727 6.300966
W 1.263685 6.875745 6.064560
W 1.599198 5.758178 6.352365
W 4.095138 5.592952 6.346967
W 5.281553 6.487588 6.692196
W 5.817172 5.744143 0.195587
W 6.626042 6.297716 0.318266
W 6.957348 6.024606 1.363254
W 1.273611 0.782581 0.801612
W 2.156782 0.279318 1.424391
W 3.063277 5.792799 6.471457
W 4.197585 6.538009 6.839565
W 5.354882 0.155532 0.461779
W 6.537544 0.853962 6.966996
W 0.432725 0.592863 1.503620
W 1.631852 1.303895 1.543296
W 2.052373 1.645015 0.729534
W 2.302192 0.641054 0.427472
W 4.335692 0.739418 0.363569
W 6.668091 1.299926 1.452427
W 0.868792 1.729605 0.986653
W 1.664928 2.679088 0.468653
W 2.226231 2.435898 6.299816
W 2.601644 2.284754 1.267261
W 3.373570 0.459612 6.564459
W 6.144108 1.857842 6.851562
W 6.748730 2.355913 0.679627
W 6.959982 3.301699 1.180685
W 0.998008 3.284758 1.515904
W 2.222061 3.672632 1.397272
W 3.204408 2.328094 6.785390
W 4.759025 2.329613 1.435892
W 5.643691 2.335350 0.969042
W 5.736802 3.426836 1.235954
W 0.674978 3.981759 0.397017
W 1.340575 4.164309 1.224222
W 1.790226 3.726958 0.211943
W 3.517248 3.802724 1.358996
W 4.278437 2.585466 0.350065
W 4.967672 3.981109 0.391769
W 5.629190 4.431723 6.866354
W 6.431520 4.042113 0.521526
W 1.295657 4.789151 6.846642
W 2.243037 4.559850 0.862362
W 3.306833 4.372709 0.411415
W 4.071288 3.619951 0.176732
W 4.719818 5.237105 0.336295
W 4.978423 5.504534 1.382173
W 0.385216 5.090473 0.187792
W 0.838825 6.463308 0.030352
W 1.790873 6.526038 0.296300
W 2.626494 5.585077 0.690442
W 3.673908 5.692936 0.414708
W 4.902010 6.241770 0.665054
W 6.126704 5.124193 0.918170
W 6.409872 0.164471 0.733340
W 0.992713 6.723302 1.264077
W 2.414181 6.675946 2.354536
W 2.926858 6.272168 1.356254
W 3.286424 0.684996 0.670467
W 4.962067 0.577456 1.328622
W 5.683920 6.520970 1.330817
W 6.811438 0.922654 2.501289
W 0.954827 0.507016 2.839559
W 2.084419 0.726178 2.468077
W 2.738284 1.298670 1.451413
W 3.537633 1.696423 0.755160
W 4.099201 1.557399 1.664428
W 5.631700 0.552527 2.114348
W 0.210704 2.347211 1.612391
W 0.689109 1.458690 2.183815
W 1.799265 2.329347 1.876035
W 2.916360 2.219906 2.867122
W 3.544515 2.608879 1.546364
W 5.417262 1.508155 1.743490
W 6.014559 1.580781 2.562680
W 6.885418 3.247003 2.291557
W 0.995952 2.785205 2.692283
W 2.136493 3.185393 2.400660
W 3.134392 3.398669 2.328324
W 4.156862 3.274488 2.280821
W 5.167548 3.039287 2.110298
W 6.049854 2.524487 2.085945
W 6.699372 4.253973 1.919528
W 0.701409 3.878955 2.364461
W 1.585250 4.405585 2.398804
W 2.674767 4.097364 3.015155
W 4.573009 3.343582 1.107324
W 4.739820 4.564630 2.789613
W 4.878573 4.043673 1.850045
W 0.827003 5.556236 2.190075
W 0.437167 4.679173 1.247112
W 2.834431 5.734046 2.255089
W 2.696234 4.447511 1.904327
W 3.602916 4.470920 2.616031
W 4.310146 4.493763 1.075544
W 5.420263 5.775893 2.274877
W 0.884424 5.658805 1.040027
W 1.706201 5.046713 1.640929
W 1.897082 6.185953 1.407612
W 3.482138 6.371982 2.660940
W 3.859560 5.447794 1.366758
W 4.308070 5.536772 2.630832
W 6.370231 5.889495 2.773049
W 6.632174 6.700139 2.050837
W 1.598591 6.674409 3.461585
W 2.777777 6.865572 3.355441
W 3.927897 0.157538 3.107925
W 4.003648 6.580190 1.113353
W 4.943293 0.996667 2.756434
W 5.657344 6.703184 2.767073
W 6.131953 0.818965 3.359030
W 0.268934 0.943875 3.579132
W 1.551020 1.670255 2.966107
W 3.680950 0.582870 1.680604
W 3.968162 1.753203 3.470815
W 5.004991 2.124068 3.559396
W 5.597399 0.902672 4.623345
W 0.015045 2.047267 3.213605
W 1.354818 1.554595 4.136300
W 2.123098 2.832272 3.417355
W 3.104371 2.997000 3.578688
W 3.161603 1.019207 2.694958
W 5.000484 2.039543 2.548098
W 5.957160 1.819895 3.982067
W 0.352048 3.544132 3.376945
W 0.785758 2.681370 3.720280
W 1.606375 3.772232 3.409287
W 3.942932 2.564020 2.857187
W 4.383836 3.223926 4.092495
W 4.930152 3.267985 3.096275
W 5.932034 2.678128 3.059300
W 6.175635 4.877421 3.106952
W 0.454744 4.654613 3.046822
W 2.238719 4.689800 3.831622
W 2.841199 3.827749 4.213410
W 3.783798 3.997962 3.463673
W 4.647918 4.194359 3.889786
W 5.794493 3.835945 2.589403
W 0.205425 5.604379 3.394113
W 1.939079 5.279155 2.771146
W 1.990237 5.513324 4.812950
W 2.902606 5.126063 3.060839
W 3.965671 5.032767 3.397386
W 5.248395 5.147276 3.510202
W 6.193208 3.582197 3.582345
W 0.543953 6.488829 2.390071
W 1.195158 5.627048 3.522232
W 2.181029 5.877655 3.597592
W 3.588579 6.063443 3.664489
W 4.796492 6.438746 3.216015
W 4.518212 6.918657 2.250237
W 6.387738 5.648867 4.091109
W 6.718107 6.704788 3.263411
W 0.548058 6.564694 3.881702
W 2.147799 6.398725 5.533295
W 3.337207 0.182526 4.153719
W 4.325943 6.799404 4.812737
W 4.900318 0.468508 4.033189
W 6.296271 0.128328 4.097941
W 0.175784 0.516915 4.638162
W 0.613964 1.295490 5.263691
W 1.513513 0.266558 5.180547
W 1.819561 0.713296 3.632182
W 3.100290 1.139972 4.951313
W 4.196481 0.975509 4.648531
W 5.209564 1.090056 5.511543
W 0.280440 1.774428 4.446006
W 1.393131 3.549157 5.195012
W 2.608203 1.518103 3.528346
W 2.967688 2.585130 4.387386
W 3.791740 2.069919 4.457503
W 4.800599 1.794257 4.571404
W 6.915233 2.767764 5.455935
W 1.664115 2.448422 4.995589
W 1.516533 4.253727 4.510798
W 2.006070 3.223133 4.315093
W 2.782490 3.161574 5.428545
W 5.155889 2.737707 5.006172
W 5.497711 2.804114 4.015844
W 6.706501 2.646506 4.069501
W 0.794762 3.205381 4.500243
W 0.632543 4.648916 4.103582
W 2.376712 4.261022 5.276022
W 4.346081 4.089622 5.895641
W 3.678576 4.225506 4.933398
W 5.337972 4.399399 5.393148
W 6.016677 3.218889 5.009938
W 6.832170 4.014511 4.474214
W 0.448393 4.267264 5.369962
W 2.562124 5.299405 5.544935
W 3.157170 5.143481 4.312548
W 3.639166 5.212338 5.366119
W 4.311019 5.106340 4.401595
W 5.804251 4.040224 4.346014
W 0.425589 5.654991 4.490837
W 1.288316 6.316080 4.738720
W 2.510420 6.423554 4.405428
W 3.441741 6.073132 4.733245
W 5.332645 6.526582 4.130438
W 6.536391 6.391630 4.864516
W 6.898806 5.355225 5.401980
W 0.461010 6.667650 5.316919
W 0.779913 1.141303 6.394841
W 1.727956 1.029451 5.888651
W 3.063156 0.047800 5.139486
W 4.861453 6.248698 5.674343
W 5.449341 0.050152 5.081018
W 6.393558 0.559911 5.432917
W 6.433893 1.986682 5.009411
W 2.468713 1.920716 4.954865
W 2.258075 0.467479 4.543544
W 4.146334 3.180943 5.100483
